120 10 ds 10 12 9 15 10 14 9 16 10 15 9 14 8 13 8 14 9 13 10 16
0 1 42
0 2 44
0 3 24
0 4 68
0 5 79
0 6 84
0 7 23
0 8 68
0 9 53
0 10 39
0 11 80
0 12 53
0 13 24
0 14 9
0 15 80
0 16 70
0 17 24
0 18 37
0 19 81
0 20 84
0 21 2
0 22 24
0 23 19
0 24 55
0 25 79
0 26 60
0 27 39
0 28 81
0 29 18
0 30 32
0 31 31
0 32 80
0 33 0
0 34 20
0 35 57
0 36 28
0 37 86
0 38 48
0 39 47
0 40 63
0 41 22
0 42 52
0 43 54
0 44 20
0 45 59
0 46 68
0 47 86
0 48 38
0 49 88
0 50 88
0 51 81
0 52 51
0 53 42
0 54 52
0 55 100
0 56 45
0 57 93
0 58 59
0 59 96
0 60 29
0 61 46
0 62 64
0 63 82
0 64 57
0 65 27
0 66 1
0 67 76
0 68 97
0 69 12
0 70 74
0 71 25
0 72 28
0 73 12
0 74 54
0 75 44
0 76 96
0 77 0
0 78 38
0 79 61
0 80 12
0 81 56
0 82 82
0 83 56
0 84 94
0 85 53
0 86 69
0 87 61
0 88 30
0 89 31
0 90 80
0 91 41
0 92 91
0 93 74
0 94 11
0 95 1
0 96 65
0 97 85
0 98 99
0 99 84
0 100 7
0 101 15
0 102 38
0 103 89
0 104 42
0 105 11
0 106 75
0 107 82
0 108 93
0 109 19
0 110 12
0 111 13
0 112 0
0 113 43
0 114 29
0 115 0
0 116 2
0 117 36
0 118 99
0 119 1
1 2 48
1 3 36
1 4 55
1 5 19
1 6 6
1 7 57
1 8 79
1 9 76
1 10 88
1 11 17
1 12 2
1 13 33
1 14 71
1 15 23
1 16 53
1 17 15
1 18 0
1 19 69
1 20 66
1 21 86
1 22 61
1 23 17
1 24 27
1 25 78
1 26 15
1 27 39
1 28 21
1 29 60
1 30 38
1 31 61
1 32 26
1 33 20
1 34 92
1 35 76
1 36 84
1 37 66
1 38 8
1 39 35
1 40 79
1 41 18
1 42 48
1 43 99
1 44 84
1 45 79
1 46 38
1 47 6
1 48 12
1 49 4
1 50 22
1 51 78
1 52 93
1 53 33
1 54 1
1 55 86
1 56 93
1 57 63
1 58 87
1 59 83
1 60 14
1 61 72
1 62 17
1 63 4
1 64 1
1 65 54
1 66 32
1 67 37
1 68 81
1 69 9
1 70 49
1 71 100
1 72 33
1 73 45
1 74 85
1 75 52
1 76 91
1 77 79
1 78 73
1 79 65
1 80 68
1 81 81
1 82 95
1 83 50
1 84 19
1 85 60
1 86 36
1 87 5
1 88 89
1 89 1
1 90 81
1 91 9
1 92 86
1 93 15
1 94 93
1 95 32
1 96 63
1 97 15
1 98 7
1 99 20
1 100 78
1 101 97
1 102 48
1 103 63
1 104 61
1 105 36
1 106 94
1 107 75
1 108 19
1 109 16
1 110 29
1 111 0
1 112 62
1 113 12
1 114 31
1 115 17
1 116 59
1 117 82
1 118 67
1 119 6
2 3 12
2 4 62
2 5 94
2 6 71
2 7 70
2 8 9
2 9 58
2 10 88
2 11 9
2 12 90
2 13 70
2 14 68
2 15 63
2 16 96
2 17 18
2 18 61
2 19 52
2 20 14
2 21 5
2 22 87
2 23 40
2 24 49
2 25 18
2 26 54
2 27 10
2 28 60
2 29 35
2 30 26
2 31 27
2 32 38
2 33 36
2 34 72
2 35 32
2 36 90
2 37 11
2 38 88
2 39 92
2 40 57
2 41 94
2 42 93
2 43 1
2 44 26
2 45 27
2 46 17
2 47 100
2 48 21
2 49 67
2 50 87
2 51 51
2 52 62
2 53 48
2 54 96
2 55 15
2 56 21
2 57 25
2 58 89
2 59 82
2 60 79
2 61 81
2 62 11
2 63 4
2 64 2
2 65 50
2 66 79
2 67 45
2 68 42
2 69 51
2 70 100
2 71 3
2 72 25
2 73 53
2 74 58
2 75 3
2 76 94
2 77 69
2 78 78
2 79 84
2 80 94
2 81 73
2 82 82
2 83 41
2 84 83
2 85 25
2 86 10
2 87 42
2 88 1
2 89 43
2 90 99
2 91 7
2 92 84
2 93 42
2 94 36
2 95 84
2 96 39
2 97 63
2 98 92
2 99 26
2 100 66
2 101 60
2 102 66
2 103 57
2 104 39
2 105 80
2 106 91
2 107 16
2 108 2
2 109 39
2 110 24
2 111 42
2 112 46
2 113 47
2 114 39
2 115 34
2 116 27
2 117 65
2 118 96
2 119 26
3 4 71
3 5 93
3 6 67
3 7 40
3 8 28
3 9 71
3 10 8
3 11 42
3 12 59
3 13 4
3 14 7
3 15 54
3 16 50
3 17 70
3 18 38
3 19 41
3 20 40
3 21 70
3 22 93
3 23 80
3 24 46
3 25 24
3 26 2
3 27 46
3 28 78
3 29 80
3 30 21
3 31 40
3 32 45
3 33 16
3 34 65
3 35 1
3 36 98
3 37 53
3 38 84
3 39 13
3 40 57
3 41 35
3 42 67
3 43 97
3 44 33
3 45 50
3 46 18
3 47 10
3 48 63
3 49 42
3 50 15
3 51 93
3 52 36
3 53 78
3 54 36
3 55 99
3 56 69
3 57 67
3 58 9
3 59 80
3 60 11
3 61 7
3 62 69
3 63 98
3 64 86
3 65 72
3 66 44
3 67 57
3 68 6
3 69 57
3 70 87
3 71 30
3 72 96
3 73 34
3 74 15
3 75 12
3 76 28
3 77 40
3 78 57
3 79 92
3 80 23
3 81 67
3 82 55
3 83 17
3 84 19
3 85 0
3 86 32
3 87 20
3 88 78
3 89 63
3 90 44
3 91 45
3 92 29
3 93 67
3 94 9
3 95 91
3 96 21
3 97 39
3 98 46
3 99 0
3 100 95
3 101 81
3 102 31
3 103 98
3 104 16
3 105 56
3 106 58
3 107 60
3 108 18
3 109 80
3 110 96
3 111 54
3 112 23
3 113 51
3 114 90
3 115 81
3 116 64
3 117 59
3 118 78
3 119 12
4 5 65
4 6 7
4 7 17
4 8 23
4 9 20
4 10 46
4 11 47
4 12 72
4 13 42
4 14 13
4 15 8
4 16 20
4 17 60
4 18 5
4 19 91
4 20 56
4 21 3
4 22 36
4 23 87
4 24 25
4 25 5
4 26 25
4 27 52
4 28 20
4 29 43
4 30 61
4 31 17
4 32 75
4 33 53
4 34 84
4 35 13
4 36 67
4 37 16
4 38 54
4 39 70
4 40 26
4 41 99
4 42 24
4 43 96
4 44 9
4 45 6
4 46 77
4 47 9
4 48 62
4 49 23
4 50 74
4 51 66
4 52 56
4 53 10
4 54 77
4 55 52
4 56 75
4 57 53
4 58 68
4 59 13
4 60 61
4 61 50
4 62 47
4 63 25
4 64 23
4 65 1
4 66 28
4 67 39
4 68 56
4 69 44
4 70 8
4 71 50
4 72 98
4 73 36
4 74 39
4 75 79
4 76 92
4 77 16
4 78 40
4 79 82
4 80 19
4 81 57
4 82 57
4 83 94
4 84 19
4 85 35
4 86 77
4 87 89
4 88 66
4 89 95
4 90 40
4 91 45
4 92 70
4 93 38
4 94 44
4 95 33
4 96 78
4 97 81
4 98 27
4 99 63
4 100 62
4 101 71
4 102 1
4 103 19
4 104 6
4 105 84
4 106 28
4 107 81
4 108 95
4 109 64
4 110 30
4 111 78
4 112 68
4 113 90
4 114 100
4 115 76
4 116 23
4 117 81
4 118 65
4 119 96
5 6 2
5 7 44
5 8 58
5 9 31
5 10 95
5 11 69
5 12 0
5 13 77
5 14 85
5 15 18
5 16 7
5 17 63
5 18 82
5 19 51
5 20 81
5 21 19
5 22 72
5 23 74
5 24 41
5 25 20
5 26 75
5 27 35
5 28 68
5 29 79
5 30 65
5 31 33
5 32 97
5 33 98
5 34 89
5 35 21
5 36 31
5 37 80
5 38 56
5 39 48
5 40 48
5 41 50
5 42 77
5 43 79
5 44 64
5 45 21
5 46 17
5 47 35
5 48 75
5 49 41
5 50 28
5 51 68
5 52 48
5 53 93
5 54 75
5 55 42
5 56 75
5 57 94
5 58 33
5 59 40
5 60 72
5 61 21
5 62 45
5 63 34
5 64 94
5 65 2
5 66 85
5 67 34
5 68 21
5 69 84
5 70 69
5 71 3
5 72 31
5 73 88
5 74 90
5 75 34
5 76 32
5 77 72
5 78 39
5 79 1
5 80 53
5 81 30
5 82 7
5 83 25
5 84 7
5 85 50
5 86 21
5 87 62
5 88 62
5 89 70
5 90 73
5 91 59
5 92 81
5 93 51
5 94 58
5 95 66
5 96 11
5 97 1
5 98 90
5 99 28
5 100 39
5 101 45
5 102 50
5 103 73
5 104 6
5 105 24
5 106 86
5 107 98
5 108 19
5 109 97
5 110 89
5 111 65
5 112 93
5 113 98
5 114 57
5 115 2
5 116 72
5 117 32
5 118 51
5 119 0
6 7 60
6 8 26
6 9 53
6 10 7
6 11 42
6 12 1
6 13 73
6 14 14
6 15 20
6 16 24
6 17 18
6 18 14
6 19 41
6 20 65
6 21 36
6 22 60
6 23 59
6 24 36
6 25 24
6 26 22
6 27 29
6 28 14
6 29 36
6 30 99
6 31 12
6 32 52
6 33 46
6 34 18
6 35 18
6 36 47
6 37 14
6 38 5
6 39 21
6 40 22
6 41 93
6 42 60
6 43 10
6 44 27
6 45 15
6 46 14
6 47 24
6 48 49
6 49 18
6 50 51
6 51 22
6 52 87
6 53 97
6 54 28
6 55 60
6 56 21
6 57 60
6 58 82
6 59 16
6 60 97
6 61 13
6 62 34
6 63 6
6 64 88
6 65 55
6 66 38
6 67 66
6 68 82
6 69 65
6 70 11
6 71 47
6 72 84
6 73 75
6 74 44
6 75 45
6 76 20
6 77 49
6 78 68
6 79 13
6 80 57
6 81 74
6 82 46
6 83 34
6 84 78
6 85 92
6 86 11
6 87 97
6 88 55
6 89 3
6 90 82
6 91 62
6 92 3
6 93 51
6 94 51
6 95 48
6 96 19
6 97 36
6 98 35
6 99 24
6 100 92
6 101 72
6 102 45
6 103 68
6 104 44
6 105 81
6 106 61
6 107 55
6 108 98
6 109 44
6 110 38
6 111 4
6 112 11
6 113 28
6 114 32
6 115 13
6 116 47
6 117 13
6 118 44
6 119 58
7 8 7
7 9 86
7 10 65
7 11 56
7 12 55
7 13 27
7 14 23
7 15 52
7 16 46
7 17 76
7 18 96
7 19 53
7 20 16
7 21 40
7 22 8
7 23 5
7 24 50
7 25 3
7 26 67
7 27 85
7 28 71
7 29 52
7 30 39
7 31 72
7 32 71
7 33 7
7 34 87
7 35 20
7 36 66
7 37 12
7 38 53
7 39 98
7 40 94
7 41 70
7 42 84
7 43 70
7 44 2
7 45 100
7 46 42
7 47 56
7 48 94
7 49 23
7 50 53
7 51 38
7 52 96
7 53 14
7 54 4
7 55 13
7 56 33
7 57 77
7 58 87
7 59 27
7 60 74
7 61 32
7 62 90
7 63 97
7 64 28
7 65 28
7 66 37
7 67 89
7 68 8
7 69 68
7 70 19
7 71 92
7 72 21
7 73 29
7 74 26
7 75 64
7 76 62
7 77 24
7 78 40
7 79 42
7 80 16
7 81 29
7 82 87
7 83 48
7 84 49
7 85 78
7 86 54
7 87 27
7 88 31
7 89 63
7 90 92
7 91 82
7 92 10
7 93 65
7 94 97
7 95 40
7 96 67
7 97 64
7 98 8
7 99 77
7 100 39
7 101 97
7 102 16
7 103 48
7 104 74
7 105 95
7 106 47
7 107 76
7 108 40
7 109 100
7 110 34
7 111 61
7 112 96
7 113 33
7 114 76
7 115 78
7 116 34
7 117 83
7 118 58
7 119 33
8 9 81
8 10 59
8 11 47
8 12 79
8 13 74
8 14 49
8 15 50
8 16 63
8 17 39
8 18 67
8 19 72
8 20 88
8 21 19
8 22 83
8 23 52
8 24 12
8 25 7
8 26 14
8 27 89
8 28 18
8 29 16
8 30 75
8 31 98
8 32 90
8 33 99
8 34 83
8 35 79
8 36 25
8 37 62
8 38 76
8 39 64
8 40 8
8 41 78
8 42 95
8 43 5
8 44 40
8 45 16
8 46 77
8 47 82
8 48 88
8 49 84
8 50 26
8 51 33
8 52 53
8 53 70
8 54 44
8 55 86
8 56 76
8 57 4
8 58 54
8 59 28
8 60 64
8 61 7
8 62 77
8 63 35
8 64 31
8 65 60
8 66 24
8 67 14
8 68 62
8 69 69
8 70 54
8 71 72
8 72 0
8 73 73
8 74 29
8 75 56
8 76 15
8 77 74
8 78 14
8 79 70
8 80 88
8 81 23
8 82 69
8 83 82
8 84 96
8 85 21
8 86 84
8 87 0
8 88 94
8 89 12
8 90 61
8 91 10
8 92 35
8 93 72
8 94 10
8 95 29
8 96 31
8 97 60
8 98 1
8 99 15
8 100 13
8 101 1
8 102 25
8 103 45
8 104 54
8 105 72
8 106 13
8 107 0
8 108 66
8 109 18
8 110 100
8 111 1
8 112 55
8 113 38
8 114 100
8 115 33
8 116 1
8 117 37
8 118 67
8 119 6
9 10 64
9 11 20
9 12 25
9 13 68
9 14 21
9 15 42
9 16 7
9 17 77
9 18 1
9 19 71
9 20 84
9 21 18
9 22 8
9 23 0
9 24 45
9 25 14
9 26 17
9 27 53
9 28 70
9 29 7
9 30 46
9 31 89
9 32 32
9 33 70
9 34 12
9 35 63
9 36 25
9 37 6
9 38 87
9 39 25
9 40 64
9 41 13
9 42 13
9 43 96
9 44 9
9 45 61
9 46 1
9 47 65
9 48 69
9 49 50
9 50 37
9 51 23
9 52 20
9 53 71
9 54 53
9 55 10
9 56 34
9 57 14
9 58 98
9 59 39
9 60 54
9 61 6
9 62 65
9 63 15
9 64 8
9 65 68
9 66 29
9 67 99
9 68 77
9 69 100
9 70 31
9 71 88
9 72 93
9 73 1
9 74 35
9 75 81
9 76 6
9 77 89
9 78 70
9 79 81
9 80 38
9 81 78
9 82 7
9 83 69
9 84 23
9 85 92
9 86 30
9 87 32
9 88 17
9 89 47
9 90 59
9 91 58
9 92 89
9 93 38
9 94 72
9 95 78
9 96 7
9 97 39
9 98 13
9 99 45
9 100 8
9 101 43
9 102 22
9 103 86
9 104 80
9 105 94
9 106 99
9 107 75
9 108 39
9 109 31
9 110 22
9 111 93
9 112 58
9 113 56
9 114 48
9 115 28
9 116 75
9 117 23
9 118 31
9 119 62
10 11 79
10 12 59
10 13 92
10 14 3
10 15 34
10 16 75
10 17 30
10 18 42
10 19 17
10 20 63
10 21 15
10 22 5
10 23 0
10 24 8
10 25 50
10 26 81
10 27 47
10 28 45
10 29 25
10 30 97
10 31 98
10 32 97
10 33 39
10 34 35
10 35 66
10 36 78
10 37 87
10 38 9
10 39 48
10 40 94
10 41 48
10 42 20
10 43 27
10 44 34
10 45 10
10 46 76
10 47 55
10 48 75
10 49 15
10 50 66
10 51 51
10 52 66
10 53 19
10 54 17
10 55 15
10 56 49
10 57 19
10 58 37
10 59 47
10 60 88
10 61 20
10 62 77
10 63 67
10 64 57
10 65 84
10 66 52
10 67 85
10 68 50
10 69 79
10 70 51
10 71 96
10 72 85
10 73 88
10 74 50
10 75 80
10 76 9
10 77 99
10 78 46
10 79 78
10 80 7
10 81 83
10 82 76
10 83 62
10 84 23
10 85 5
10 86 13
10 87 95
10 88 29
10 89 93
10 90 96
10 91 49
10 92 1
10 93 5
10 94 100
10 95 58
10 96 48
10 97 49
10 98 97
10 99 47
10 100 1
10 101 41
10 102 58
10 103 51
10 104 64
10 105 73
10 106 20
10 107 53
10 108 82
10 109 90
10 110 69
10 111 18
10 112 30
10 113 31
10 114 11
10 115 78
10 116 10
10 117 73
10 118 98
10 119 72
11 12 17
11 13 45
11 14 18
11 15 44
11 16 39
11 17 16
11 18 9
11 19 39
11 20 29
11 21 80
11 22 65
11 23 41
11 24 66
11 25 35
11 26 16
11 27 15
11 28 87
11 29 86
11 30 94
11 31 5
11 32 18
11 33 9
11 34 9
11 35 41
11 36 49
11 37 22
11 38 73
11 39 62
11 40 58
11 41 90
11 42 13
11 43 50
11 44 55
11 45 17
11 46 74
11 47 4
11 48 91
11 49 87
11 50 98
11 51 36
11 52 38
11 53 66
11 54 56
11 55 46
11 56 8
11 57 68
11 58 19
11 59 68
11 60 96
11 61 100
11 62 38
11 63 8
11 64 95
11 65 86
11 66 38
11 67 1
11 68 30
11 69 68
11 70 2
11 71 36
11 72 32
11 73 93
11 74 14
11 75 42
11 76 77
11 77 97
11 78 66
11 79 0
11 80 88
11 81 52
11 82 53
11 83 78
11 84 53
11 85 94
11 86 3
11 87 83
11 88 11
11 89 39
11 90 47
11 91 67
11 92 70
11 93 60
11 94 92
11 95 28
11 96 29
11 97 76
11 98 86
11 99 75
11 100 52
11 101 58
11 102 91
11 103 75
11 104 66
11 105 25
11 106 99
11 107 34
11 108 30
11 109 8
11 110 48
11 111 75
11 112 90
11 113 75
11 114 85
11 115 61
11 116 19
11 117 21
11 118 13
11 119 77
12 13 83
12 14 48
12 15 19
12 16 75
12 17 60
12 18 30
12 19 3
12 20 52
12 21 27
12 22 53
12 23 69
12 24 63
12 25 96
12 26 30
12 27 68
12 28 21
12 29 32
12 30 93
12 31 89
12 32 51
12 33 49
12 34 74
12 35 40
12 36 5
12 37 21
12 38 39
12 39 2
12 40 87
12 41 2
12 42 16
12 43 93
12 44 81
12 45 11
12 46 18
12 47 74
12 48 30
12 49 80
12 50 55
12 51 22
12 52 44
12 53 65
12 54 64
12 55 39
12 56 99
12 57 54
12 58 59
12 59 39
12 60 17
12 61 38
12 62 59
12 63 58
12 64 36
12 65 67
12 66 56
12 67 55
12 68 53
12 69 50
12 70 20
12 71 53
12 72 95
12 73 30
12 74 38
12 75 55
12 76 17
12 77 31
12 78 54
12 79 87
12 80 58
12 81 68
12 82 9
12 83 25
12 84 28
12 85 58
12 86 88
12 87 74
12 88 32
12 89 62
12 90 51
12 91 38
12 92 77
12 93 78
12 94 88
12 95 37
12 96 4
12 97 88
12 98 3
12 99 77
12 100 92
12 101 45
12 102 44
12 103 96
12 104 70
12 105 2
12 106 28
12 107 4
12 108 83
12 109 56
12 110 97
12 111 86
12 112 100
12 113 51
12 114 9
12 115 4
12 116 15
12 117 24
12 118 91
12 119 58
13 14 73
13 15 53
13 16 61
13 17 12
13 18 1
13 19 93
13 20 85
13 21 12
13 22 80
13 23 21
13 24 11
13 25 54
13 26 46
13 27 72
13 28 24
13 29 40
13 30 51
13 31 23
13 32 42
13 33 23
13 34 64
13 35 35
13 36 21
13 37 60
13 38 9
13 39 0
13 40 32
13 41 98
13 42 69
13 43 72
13 44 90
13 45 64
13 46 25
13 47 32
13 48 57
13 49 11
13 50 58
13 51 52
13 52 12
13 53 5
13 54 5
13 55 85
13 56 85
13 57 35
13 58 6
13 59 72
13 60 15
13 61 23
13 62 62
13 63 79
13 64 1
13 65 47
13 66 51
13 67 85
13 68 12
13 69 47
13 70 0
13 71 24
13 72 28
13 73 5
13 74 85
13 75 16
13 76 69
13 77 68
13 78 88
13 79 78
13 80 90
13 81 4
13 82 70
13 83 66
13 84 86
13 85 99
13 86 1
13 87 32
13 88 73
13 89 81
13 90 49
13 91 13
13 92 25
13 93 57
13 94 63
13 95 43
13 96 27
13 97 53
13 98 6
13 99 17
13 100 10
13 101 42
13 102 90
13 103 91
13 104 75
13 105 37
13 106 80
13 107 88
13 108 87
13 109 100
13 110 27
13 111 88
13 112 50
13 113 66
13 114 91
13 115 33
13 116 54
13 117 72
13 118 57
13 119 53
14 15 68
14 16 0
14 17 86
14 18 57
14 19 47
14 20 9
14 21 58
14 22 76
14 23 26
14 24 48
14 25 42
14 26 77
14 27 21
14 28 28
14 29 67
14 30 88
14 31 39
14 32 9
14 33 11
14 34 79
14 35 12
14 36 43
14 37 82
14 38 14
14 39 78
14 40 95
14 41 72
14 42 43
14 43 0
14 44 47
14 45 96
14 46 50
14 47 10
14 48 62
14 49 9
14 50 35
14 51 94
14 52 3
14 53 1
14 54 61
14 55 81
14 56 4
14 57 46
14 58 24
14 59 2
14 60 89
14 61 83
14 62 77
14 63 1
14 64 13
14 65 84
14 66 42
14 67 54
14 68 45
14 69 15
14 70 68
14 71 94
14 72 33
14 73 20
14 74 37
14 75 28
14 76 47
14 77 44
14 78 59
14 79 100
14 80 28
14 81 41
14 82 98
14 83 59
14 84 8
14 85 27
14 86 25
14 87 3
14 88 21
14 89 83
14 90 34
14 91 0
14 92 93
14 93 4
14 94 76
14 95 28
14 96 58
14 97 55
14 98 32
14 99 67
14 100 65
14 101 40
14 102 61
14 103 5
14 104 97
14 105 73
14 106 31
14 107 45
14 108 64
14 109 45
14 110 37
14 111 91
14 112 55
14 113 34
14 114 96
14 115 21
14 116 84
14 117 72
14 118 7
14 119 39
15 16 32
15 17 50
15 18 36
15 19 51
15 20 9
15 21 13
15 22 88
15 23 78
15 24 0
15 25 15
15 26 96
15 27 97
15 28 39
15 29 78
15 30 34
15 31 54
15 32 76
15 33 74
15 34 77
15 35 18
15 36 72
15 37 95
15 38 66
15 39 3
15 40 64
15 41 32
15 42 52
15 43 4
15 44 49
15 45 61
15 46 24
15 47 62
15 48 26
15 49 71
15 50 32
15 51 46
15 52 42
15 53 80
15 54 68
15 55 84
15 56 2
15 57 53
15 58 24
15 59 63
15 60 10
15 61 28
15 62 50
15 63 62
15 64 90
15 65 59
15 66 90
15 67 92
15 68 2
15 69 23
15 70 25
15 71 96
15 72 16
15 73 30
15 74 49
15 75 14
15 76 32
15 77 20
15 78 14
15 79 84
15 80 27
15 81 39
15 82 83
15 83 80
15 84 9
15 85 48
15 86 96
15 87 79
15 88 88
15 89 83
15 90 1
15 91 85
15 92 34
15 93 29
15 94 55
15 95 75
15 96 46
15 97 36
15 98 97
15 99 76
15 100 98
15 101 27
15 102 46
15 103 30
15 104 28
15 105 88
15 106 6
15 107 59
15 108 95
15 109 17
15 110 54
15 111 42
15 112 46
15 113 80
15 114 63
15 115 72
15 116 32
15 117 33
15 118 58
15 119 84
16 17 45
16 18 29
16 19 3
16 20 6
16 21 40
16 22 95
16 23 39
16 24 63
16 25 26
16 26 53
16 27 11
16 28 14
16 29 33
16 30 91
16 31 90
16 32 64
16 33 0
16 34 37
16 35 55
16 36 52
16 37 27
16 38 56
16 39 35
16 40 44
16 41 49
16 42 47
16 43 10
16 44 7
16 45 55
16 46 88
16 47 28
16 48 36
16 49 64
16 50 6
16 51 78
16 52 36
16 53 53
16 54 11
16 55 84
16 56 86
16 57 6
16 58 60
16 59 35
16 60 2
16 61 8
16 62 60
16 63 78
16 64 81
16 65 99
16 66 79
16 67 33
16 68 69
16 69 20
16 70 1
16 71 30
16 72 7
16 73 57
16 74 2
16 75 51
16 76 6
16 77 48
16 78 72
16 79 51
16 80 32
16 81 92
16 82 42
16 83 58
16 84 33
16 85 99
16 86 45
16 87 16
16 88 88
16 89 4
16 90 86
16 91 31
16 92 45
16 93 35
16 94 38
16 95 76
16 96 3
16 97 12
16 98 27
16 99 62
16 100 40
16 101 6
16 102 55
16 103 21
16 104 46
16 105 81
16 106 7
16 107 29
16 108 86
16 109 27
16 110 16
16 111 23
16 112 84
16 113 58
16 114 30
16 115 43
16 116 65
16 117 44
16 118 81
16 119 1
17 18 15
17 19 56
17 20 72
17 21 22
17 22 82
17 23 35
17 24 34
17 25 90
17 26 36
17 27 96
17 28 57
17 29 98
17 30 37
17 31 0
17 32 41
17 33 60
17 34 74
17 35 10
17 36 13
17 37 25
17 38 70
17 39 0
17 40 3
17 41 76
17 42 62
17 43 92
17 44 84
17 45 23
17 46 5
17 47 19
17 48 34
17 49 42
17 50 8
17 51 92
17 52 67
17 53 93
17 54 99
17 55 21
17 56 28
17 57 55
17 58 65
17 59 5
17 60 25
17 61 51
17 62 87
17 63 55
17 64 29
17 65 46
17 66 62
17 67 40
17 68 57
17 69 31
17 70 62
17 71 42
17 72 48
17 73 37
17 74 42
17 75 2
17 76 54
17 77 52
17 78 36
17 79 17
17 80 46
17 81 63
17 82 50
17 83 68
17 84 89
17 85 12
17 86 87
17 87 67
17 88 53
17 89 27
17 90 6
17 91 9
17 92 18
17 93 60
17 94 50
17 95 28
17 96 34
17 97 18
17 98 15
17 99 22
17 100 85
17 101 63
17 102 31
17 103 69
17 104 9
17 105 67
17 106 12
17 107 0
17 108 53
17 109 61
17 110 54
17 111 86
17 112 78
17 113 4
17 114 35
17 115 90
17 116 59
17 117 70
17 118 93
17 119 42
18 19 8
18 20 52
18 21 54
18 22 92
18 23 81
18 24 85
18 25 12
18 26 42
18 27 55
18 28 36
18 29 47
18 30 98
18 31 40
18 32 16
18 33 64
18 34 53
18 35 58
18 36 90
18 37 53
18 38 28
18 39 50
18 40 30
18 41 31
18 42 87
18 43 60
18 44 31
18 45 30
18 46 40
18 47 84
18 48 30
18 49 70
18 50 41
18 51 6
18 52 81
18 53 89
18 54 4
18 55 46
18 56 37
18 57 29
18 58 47
18 59 50
18 60 58
18 61 30
18 62 35
18 63 46
18 64 53
18 65 73
18 66 42
18 67 38
18 68 7
18 69 88
18 70 67
18 71 29
18 72 78
18 73 48
18 74 29
18 75 87
18 76 21
18 77 36
18 78 34
18 79 14
18 80 2
18 81 37
18 82 15
18 83 60
18 84 66
18 85 42
18 86 76
18 87 5
18 88 55
18 89 44
18 90 72
18 91 94
18 92 15
18 93 46
18 94 42
18 95 90
18 96 29
18 97 14
18 98 94
18 99 78
18 100 97
18 101 43
18 102 87
18 103 13
18 104 4
18 105 69
18 106 78
18 107 38
18 108 6
18 109 18
18 110 97
18 111 5
18 112 39
18 113 41
18 114 34
18 115 93
18 116 0
18 117 51
18 118 78
18 119 46
19 20 54
19 21 36
19 22 67
19 23 57
19 24 76
19 25 25
19 26 90
19 27 36
19 28 91
19 29 48
19 30 40
19 31 70
19 32 76
19 33 64
19 34 26
19 35 19
19 36 54
19 37 71
19 38 98
19 39 95
19 40 83
19 41 64
19 42 67
19 43 29
19 44 99
19 45 34
19 46 47
19 47 88
19 48 81
19 49 58
19 50 23
19 51 78
19 52 100
19 53 9
19 54 6
19 55 4
19 56 28
19 57 89
19 58 30
19 59 80
19 60 43
19 61 61
19 62 56
19 63 92
19 64 55
19 65 55
19 66 75
19 67 23
19 68 86
19 69 72
19 70 33
19 71 30
19 72 60
19 73 27
19 74 46
19 75 34
19 76 88
19 77 0
19 78 72
19 79 82
19 80 48
19 81 37
19 82 11
19 83 37
19 84 41
19 85 65
19 86 39
19 87 31
19 88 7
19 89 94
19 90 12
19 91 63
19 92 30
19 93 31
19 94 13
19 95 37
19 96 78
19 97 37
19 98 72
19 99 84
19 100 54
19 101 1
19 102 22
19 103 38
19 104 7
19 105 90
19 106 78
19 107 48
19 108 40
19 109 17
19 110 59
19 111 81
19 112 64
19 113 23
19 114 32
19 115 67
19 116 86
19 117 67
19 118 58
19 119 98
20 21 69
20 22 16
20 23 78
20 24 36
20 25 86
20 26 70
20 27 95
20 28 35
20 29 80
20 30 100
20 31 59
20 32 57
20 33 42
20 34 9
20 35 37
20 36 9
20 37 71
20 38 72
20 39 27
20 40 11
20 41 77
20 42 83
20 43 98
20 44 38
20 45 55
20 46 35
20 47 39
20 48 57
20 49 44
20 50 44
20 51 19
20 52 5
20 53 26
20 54 27
20 55 78
20 56 12
20 57 91
20 58 73
20 59 17
20 60 71
20 61 18
20 62 78
20 63 54
20 64 97
20 65 19
20 66 23
20 67 12
20 68 80
20 69 76
20 70 39
20 71 37
20 72 49
20 73 53
20 74 82
20 75 32
20 76 35
20 77 53
20 78 65
20 79 79
20 80 55
20 81 83
20 82 36
20 83 46
20 84 6
20 85 90
20 86 85
20 87 18
20 88 89
20 89 60
20 90 55
20 91 0
20 92 82
20 93 69
20 94 69
20 95 85
20 96 80
20 97 67
20 98 6
20 99 29
20 100 58
20 101 41
20 102 37
20 103 60
20 104 30
20 105 91
20 106 8
20 107 40
20 108 82
20 109 9
20 110 57
20 111 34
20 112 72
20 113 80
20 114 68
20 115 69
20 116 54
20 117 15
20 118 59
20 119 22
21 22 37
21 23 1
21 24 66
21 25 87
21 26 9
21 27 10
21 28 77
21 29 5
21 30 42
21 31 35
21 32 56
21 33 45
21 34 14
21 35 6
21 36 93
21 37 4
21 38 11
21 39 12
21 40 79
21 41 61
21 42 72
21 43 86
21 44 54
21 45 85
21 46 27
21 47 45
21 48 92
21 49 100
21 50 95
21 51 77
21 52 79
21 53 68
21 54 79
21 55 100
21 56 12
21 57 51
21 58 91
21 59 33
21 60 89
21 61 27
21 62 100
21 63 43
21 64 46
21 65 19
21 66 5
21 67 3
21 68 56
21 69 96
21 70 99
21 71 39
21 72 93
21 73 88
21 74 61
21 75 15
21 76 67
21 77 55
21 78 81
21 79 33
21 80 3
21 81 29
21 82 90
21 83 90
21 84 8
21 85 77
21 86 20
21 87 44
21 88 87
21 89 11
21 90 90
21 91 2
21 92 29
21 93 15
21 94 47
21 95 25
21 96 54
21 97 57
21 98 73
21 99 14
21 100 65
21 101 31
21 102 28
21 103 76
21 104 44
21 105 19
21 106 31
21 107 66
21 108 77
21 109 6
21 110 77
21 111 31
21 112 10
21 113 36
21 114 95
21 115 81
21 116 32
21 117 69
21 118 74
21 119 0
22 23 90
22 24 71
22 25 25
22 26 54
22 27 56
22 28 91
22 29 20
22 30 25
22 31 79
22 32 79
22 33 20
22 34 4
22 35 80
22 36 24
22 37 7
22 38 20
22 39 37
22 40 16
22 41 84
22 42 64
22 43 30
22 44 55
22 45 68
22 46 78
22 47 39
22 48 65
22 49 29
22 50 64
22 51 16
22 52 42
22 53 92
22 54 10
22 55 45
22 56 28
22 57 80
22 58 87
22 59 71
22 60 98
22 61 3
22 62 12
22 63 42
22 64 30
22 65 80
22 66 0
22 67 56
22 68 3
22 69 74
22 70 90
22 71 84
22 72 56
22 73 40
22 74 50
22 75 37
22 76 93
22 77 53
22 78 29
22 79 72
22 80 42
22 81 23
22 82 52
22 83 58
22 84 1
22 85 45
22 86 95
22 87 58
22 88 55
22 89 9
22 90 51
22 91 72
22 92 31
22 93 38
22 94 18
22 95 0
22 96 77
22 97 36
22 98 7
22 99 53
22 100 71
22 101 28
22 102 92
22 103 73
22 104 37
22 105 47
22 106 96
22 107 77
22 108 71
22 109 38
22 110 90
22 111 84
22 112 99
22 113 60
22 114 6
22 115 7
22 116 73
22 117 82
22 118 66
22 119 38
23 24 38
23 25 36
23 26 67
23 27 9
23 28 1
23 29 42
23 30 57
23 31 26
23 32 23
23 33 32
23 34 54
23 35 22
23 36 60
23 37 39
23 38 1
23 39 17
23 40 11
23 41 98
23 42 7
23 43 10
23 44 53
23 45 25
23 46 99
23 47 100
23 48 92
23 49 54
23 50 63
23 51 55
23 52 38
23 53 74
23 54 99
23 55 50
23 56 11
23 57 9
23 58 9
23 59 55
23 60 35
23 61 60
23 62 48
23 63 92
23 64 11
23 65 87
23 66 74
23 67 21
23 68 82
23 69 11
23 70 30
23 71 3
23 72 48
23 73 93
23 74 21
23 75 68
23 76 78
23 77 51
23 78 65
23 79 76
23 80 16
23 81 42
23 82 99
23 83 90
23 84 65
23 85 27
23 86 35
23 87 45
23 88 72
23 89 29
23 90 87
23 91 78
23 92 2
23 93 54
23 94 55
23 95 22
23 96 15
23 97 13
23 98 77
23 99 2
23 100 70
23 101 93
23 102 90
23 103 94
23 104 22
23 105 93
23 106 80
23 107 84
23 108 29
23 109 4
23 110 66
23 111 87
23 112 60
23 113 84
23 114 76
23 115 55
23 116 39
23 117 82
23 118 10
23 119 57
24 25 98
24 26 18
24 27 5
24 28 70
24 29 67
24 30 76
24 31 46
24 32 91
24 33 0
24 34 35
24 35 67
24 36 80
24 37 98
24 38 34
24 39 14
24 40 27
24 41 25
24 42 58
24 43 87
24 44 51
24 45 80
24 46 67
24 47 32
24 48 35
24 49 78
24 50 12
24 51 99
24 52 44
24 53 37
24 54 68
24 55 87
24 56 58
24 57 62
24 58 64
24 59 0
24 60 57
24 61 41
24 62 20
24 63 60
24 64 68
24 65 80
24 66 84
24 67 62
24 68 83
24 69 28
24 70 30
24 71 80
24 72 89
24 73 20
24 74 49
24 75 1
24 76 94
24 77 39
24 78 19
24 79 63
24 80 29
24 81 61
24 82 5
24 83 3
24 84 4
24 85 42
24 86 3
24 87 27
24 88 3
24 89 34
24 90 33
24 91 91
24 92 48
24 93 71
24 94 5
24 95 72
24 96 50
24 97 26
24 98 100
24 99 91
24 100 23
24 101 76
24 102 71
24 103 58
24 104 62
24 105 18
24 106 42
24 107 94
24 108 23
24 109 8
24 110 95
24 111 64
24 112 8
24 113 20
24 114 28
24 115 87
24 116 19
24 117 27
24 118 5
24 119 92
25 26 97
25 27 63
25 28 59
25 29 63
25 30 16
25 31 98
25 32 66
25 33 91
25 34 81
25 35 51
25 36 0
25 37 93
25 38 72
25 39 11
25 40 68
25 41 15
25 42 20
25 43 15
25 44 71
25 45 31
25 46 14
25 47 80
25 48 100
25 49 13
25 50 19
25 51 70
25 52 72
25 53 5
25 54 26
25 55 10
25 56 2
25 57 58
25 58 64
25 59 30
25 60 8
25 61 25
25 62 20
25 63 14
25 64 75
25 65 91
25 66 50
25 67 4
25 68 9
25 69 78
25 70 28
25 71 40
25 72 70
25 73 40
25 74 41
25 75 50
25 76 23
25 77 62
25 78 76
25 79 19
25 80 2
25 81 76
25 82 56
25 83 88
25 84 62
25 85 84
25 86 11
25 87 72
25 88 99
25 89 89
25 90 16
25 91 54
25 92 25
25 93 34
25 94 77
25 95 57
25 96 81
25 97 8
25 98 16
25 99 11
25 100 22
25 101 57
25 102 16
25 103 83
25 104 26
25 105 8
25 106 57
25 107 59
25 108 99
25 109 66
25 110 24
25 111 44
25 112 21
25 113 39
25 114 64
25 115 41
25 116 39
25 117 34
25 118 77
25 119 43
26 27 3
26 28 6
26 29 60
26 30 71
26 31 8
26 32 49
26 33 78
26 34 76
26 35 52
26 36 82
26 37 55
26 38 67
26 39 5
26 40 26
26 41 76
26 42 23
26 43 61
26 44 88
26 45 49
26 46 59
26 47 95
26 48 52
26 49 54
26 50 38
26 51 10
26 52 82
26 53 32
26 54 9
26 55 10
26 56 94
26 57 27
26 58 99
26 59 7
26 60 34
26 61 50
26 62 39
26 63 26
26 64 32
26 65 98
26 66 79
26 67 50
26 68 49
26 69 90
26 70 53
26 71 3
26 72 7
26 73 0
26 74 37
26 75 7
26 76 52
26 77 57
26 78 64
26 79 48
26 80 3
26 81 55
26 82 27
26 83 31
26 84 48
26 85 92
26 86 61
26 87 23
26 88 21
26 89 32
26 90 74
26 91 91
26 92 77
26 93 23
26 94 80
26 95 55
26 96 34
26 97 85
26 98 55
26 99 0
26 100 98
26 101 87
26 102 7
26 103 85
26 104 35
26 105 28
26 106 19
26 107 20
26 108 60
26 109 66
26 110 96
26 111 75
26 112 63
26 113 8
26 114 76
26 115 3
26 116 60
26 117 63
26 118 64
26 119 32
27 28 75
27 29 79
27 30 14
27 31 84
27 32 52
27 33 67
27 34 37
27 35 20
27 36 90
27 37 29
27 38 38
27 39 13
27 40 97
27 41 97
27 42 8
27 43 85
27 44 20
27 45 3
27 46 35
27 47 56
27 48 41
27 49 91
27 50 71
27 51 21
27 52 16
27 53 6
27 54 73
27 55 61
27 56 52
27 57 63
27 58 2
27 59 13
27 60 23
27 61 27
27 62 78
27 63 40
27 64 37
27 65 96
27 66 53
27 67 48
27 68 4
27 69 41
27 70 6
27 71 15
27 72 53
27 73 96
27 74 95
27 75 69
27 76 20
27 77 57
27 78 70
27 79 8
27 80 95
27 81 85
27 82 29
27 83 35
27 84 7
27 85 16
27 86 23
27 87 83
27 88 56
27 89 89
27 90 93
27 91 34
27 92 96
27 93 21
27 94 68
27 95 42
27 96 69
27 97 2
27 98 60
27 99 9
27 100 10
27 101 17
27 102 50
27 103 74
27 104 11
27 105 19
27 106 88
27 107 39
27 108 29
27 109 60
27 110 82
27 111 79
27 112 100
27 113 21
27 114 17
27 115 96
27 116 54
27 117 58
27 118 62
27 119 14
28 29 55
28 30 27
28 31 42
28 32 45
28 33 100
28 34 55
28 35 20
28 36 31
28 37 77
28 38 9
28 39 37
28 40 21
28 41 43
28 42 0
28 43 51
28 44 18
28 45 22
28 46 90
28 47 85
28 48 11
28 49 93
28 50 26
28 51 99
28 52 22
28 53 94
28 54 86
28 55 62
28 56 55
28 57 25
28 58 67
28 59 7
28 60 27
28 61 16
28 62 81
28 63 73
28 64 12
28 65 5
28 66 38
28 67 91
28 68 65
28 69 2
28 70 6
28 71 99
28 72 67
28 73 46
28 74 44
28 75 80
28 76 69
28 77 71
28 78 39
28 79 31
28 80 10
28 81 91
28 82 6
28 83 0
28 84 90
28 85 82
28 86 92
28 87 89
28 88 6
28 89 59
28 90 48
28 91 63
28 92 41
28 93 63
28 94 10
28 95 99
28 96 9
28 97 65
28 98 62
28 99 89
28 100 61
28 101 92
28 102 39
28 103 40
28 104 83
28 105 96
28 106 80
28 107 83
28 108 5
28 109 9
28 110 25
28 111 8
28 112 68
28 113 1
28 114 67
28 115 61
28 116 1
28 117 56
28 118 68
28 119 96
29 30 55
29 31 84
29 32 57
29 33 32
29 34 57
29 35 85
29 36 25
29 37 57
29 38 4
29 39 42
29 40 11
29 41 90
29 42 83
29 43 7
29 44 91
29 45 32
29 46 57
29 47 45
29 48 48
29 49 92
29 50 40
29 51 83
29 52 54
29 53 28
29 54 87
29 55 13
29 56 77
29 57 30
29 58 19
29 59 74
29 60 79
29 61 0
29 62 78
29 63 97
29 64 68
29 65 39
29 66 16
29 67 72
29 68 79
29 69 87
29 70 33
29 71 68
29 72 49
29 73 60
29 74 51
29 75 93
29 76 21
29 77 75
29 78 55
29 79 15
29 80 6
29 81 87
29 82 48
29 83 10
29 84 68
29 85 49
29 86 3
29 87 62
29 88 22
29 89 90
29 90 14
29 91 24
29 92 28
29 93 64
29 94 87
29 95 52
29 96 81
29 97 23
29 98 15
29 99 59
29 100 40
29 101 49
29 102 34
29 103 40
29 104 53
29 105 31
29 106 4
29 107 73
29 108 49
29 109 71
29 110 0
29 111 78
29 112 82
29 113 43
29 114 39
29 115 74
29 116 23
29 117 23
29 118 66
29 119 3
30 31 32
30 32 18
30 33 6
30 34 21
30 35 53
30 36 96
30 37 56
30 38 84
30 39 99
30 40 22
30 41 61
30 42 25
30 43 81
30 44 69
30 45 53
30 46 71
30 47 100
30 48 12
30 49 41
30 50 42
30 51 83
30 52 2
30 53 63
30 54 9
30 55 2
30 56 80
30 57 46
30 58 95
30 59 22
30 60 0
30 61 5
30 62 27
30 63 55
30 64 31
30 65 65
30 66 40
30 67 79
30 68 92
30 69 23
30 70 45
30 71 61
30 72 94
30 73 57
30 74 30
30 75 42
30 76 39
30 77 57
30 78 5
30 79 89
30 80 45
30 81 76
30 82 58
30 83 79
30 84 60
30 85 69
30 86 62
30 87 70
30 88 93
30 89 22
30 90 49
30 91 99
30 92 58
30 93 67
30 94 5
30 95 5
30 96 21
30 97 57
30 98 77
30 99 14
30 100 2
30 101 5
30 102 83
30 103 79
30 104 13
30 105 73
30 106 17
30 107 20
30 108 21
30 109 9
30 110 26
30 111 4
30 112 57
30 113 2
30 114 69
30 115 3
30 116 65
30 117 72
30 118 10
30 119 85
31 32 4
31 33 36
31 34 56
31 35 88
31 36 45
31 37 61
31 38 82
31 39 43
31 40 87
31 41 11
31 42 81
31 43 42
31 44 11
31 45 87
31 46 11
31 47 22
31 48 90
31 49 39
31 50 17
31 51 53
31 52 4
31 53 90
31 54 41
31 55 61
31 56 37
31 57 47
31 58 28
31 59 43
31 60 76
31 61 30
31 62 19
31 63 70
31 64 48
31 65 74
31 66 67
31 67 9
31 68 70
31 69 21
31 70 76
31 71 39
31 72 31
31 73 69
31 74 56
31 75 32
31 76 18
31 77 54
31 78 91
31 79 59
31 80 80
31 81 85
31 82 8
31 83 89
31 84 57
31 85 61
31 86 80
31 87 16
31 88 11
31 89 4
31 90 36
31 91 29
31 92 57
31 93 75
31 94 50
31 95 91
31 96 96
31 97 76
31 98 49
31 99 18
31 100 73
31 101 94
31 102 58
31 103 37
31 104 70
31 105 16
31 106 19
31 107 90
31 108 99
31 109 10
31 110 28
31 111 11
31 112 9
31 113 10
31 114 16
31 115 35
31 116 93
31 117 22
31 118 91
31 119 4
32 33 58
32 34 30
32 35 24
32 36 2
32 37 75
32 38 10
32 39 37
32 40 99
32 41 53
32 42 62
32 43 32
32 44 8
32 45 79
32 46 6
32 47 61
32 48 89
32 49 30
32 50 13
32 51 82
32 52 58
32 53 84
32 54 59
32 55 6
32 56 92
32 57 1
32 58 94
32 59 14
32 60 14
32 61 92
32 62 20
32 63 38
32 64 47
32 65 10
32 66 94
32 67 95
32 68 62
32 69 30
32 70 18
32 71 51
32 72 66
32 73 83
32 74 60
32 75 94
32 76 47
32 77 12
32 78 76
32 79 11
32 80 42
32 81 75
32 82 24
32 83 74
32 84 39
32 85 54
32 86 66
32 87 13
32 88 32
32 89 47
32 90 39
32 91 65
32 92 4
32 93 17
32 94 65
32 95 56
32 96 0
32 97 30
32 98 36
32 99 8
32 100 7
32 101 32
32 102 67
32 103 15
32 104 41
32 105 0
32 106 72
32 107 79
32 108 7
32 109 96
32 110 100
32 111 77
32 112 73
32 113 93
32 114 75
32 115 15
32 116 51
32 117 89
32 118 14
32 119 26
33 34 82
33 35 36
33 36 64
33 37 87
33 38 72
33 39 33
33 40 16
33 41 25
33 42 29
33 43 96
33 44 21
33 45 55
33 46 87
33 47 69
33 48 97
33 49 60
33 50 94
33 51 84
33 52 71
33 53 93
33 54 57
33 55 58
33 56 41
33 57 23
33 58 93
33 59 24
33 60 22
33 61 0
33 62 68
33 63 91
33 64 88
33 65 62
33 66 42
33 67 56
33 68 84
33 69 2
33 70 9
33 71 67
33 72 73
33 73 86
33 74 60
33 75 70
33 76 8
33 77 10
33 78 17
33 79 100
33 80 54
33 81 78
33 82 92
33 83 87
33 84 87
33 85 27
33 86 70
33 87 20
33 88 68
33 89 86
33 90 98
33 91 44
33 92 15
33 93 92
33 94 69
33 95 83
33 96 62
33 97 40
33 98 39
33 99 39
33 100 64
33 101 94
33 102 91
33 103 3
33 104 7
33 105 91
33 106 53
33 107 48
33 108 78
33 109 71
33 110 96
33 111 54
33 112 87
33 113 68
33 114 84
33 115 64
33 116 67
33 117 33
33 118 41
33 119 37
34 35 47
34 36 27
34 37 98
34 38 83
34 39 61
34 40 25
34 41 90
34 42 9
34 43 98
34 44 19
34 45 99
34 46 87
34 47 30
34 48 27
34 49 38
34 50 9
34 51 8
34 52 44
34 53 86
34 54 31
34 55 62
34 56 89
34 57 43
34 58 56
34 59 65
34 60 13
34 61 45
34 62 14
34 63 71
34 64 90
34 65 85
34 66 35
34 67 89
34 68 53
34 69 38
34 70 19
34 71 43
34 72 86
34 73 26
34 74 46
34 75 96
34 76 74
34 77 99
34 78 7
34 79 94
34 80 9
34 81 91
34 82 18
34 83 21
34 84 55
34 85 33
34 86 92
34 87 45
34 88 48
34 89 89
34 90 5
34 91 37
34 92 25
34 93 98
34 94 73
34 95 54
34 96 30
34 97 41
34 98 19
34 99 64
34 100 95
34 101 66
34 102 78
34 103 93
34 104 16
34 105 20
34 106 42
34 107 76
34 108 16
34 109 63
34 110 84
34 111 48
34 112 79
34 113 68
34 114 43
34 115 23
34 116 97
34 117 31
34 118 59
34 119 66
35 36 69
35 37 68
35 38 51
35 39 24
35 40 3
35 41 93
35 42 42
35 43 33
35 44 68
35 45 62
35 46 14
35 47 96
35 48 73
35 49 56
35 50 72
35 51 2
35 52 41
35 53 63
35 54 56
35 55 63
35 56 39
35 57 99
35 58 28
35 59 24
35 60 20
35 61 27
35 62 39
35 63 35
35 64 42
35 65 55
35 66 98
35 67 8
35 68 11
35 69 51
35 70 52
35 71 49
35 72 8
35 73 47
35 74 71
35 75 16
35 76 42
35 77 18
35 78 4
35 79 53
35 80 35
35 81 28
35 82 71
35 83 95
35 84 25
35 85 24
35 86 21
35 87 89
35 88 67
35 89 94
35 90 27
35 91 43
35 92 63
35 93 19
35 94 98
35 95 35
35 96 27
35 97 71
35 98 71
35 99 7
35 100 65
35 101 56
35 102 58
35 103 98
35 104 97
35 105 84
35 106 12
35 107 85
35 108 45
35 109 72
35 110 30
35 111 96
35 112 7
35 113 86
35 114 30
35 115 87
35 116 84
35 117 50
35 118 83
35 119 42
36 37 9
36 38 12
36 39 85
36 40 82
36 41 70
36 42 62
36 43 58
36 44 29
36 45 12
36 46 97
36 47 71
36 48 38
36 49 73
36 50 89
36 51 86
36 52 19
36 53 47
36 54 43
36 55 42
36 56 36
36 57 79
36 58 35
36 59 12
36 60 99
36 61 13
36 62 76
36 63 89
36 64 59
36 65 25
36 66 91
36 67 19
36 68 64
36 69 23
36 70 64
36 71 42
36 72 75
36 73 62
36 74 26
36 75 4
36 76 31
36 77 22
36 78 57
36 79 3
36 80 46
36 81 2
36 82 95
36 83 68
36 84 86
36 85 39
36 86 72
36 87 10
36 88 34
36 89 95
36 90 100
36 91 42
36 92 11
36 93 99
36 94 58
36 95 100
36 96 17
36 97 54
36 98 86
36 99 26
36 100 77
36 101 43
36 102 76
36 103 31
36 104 9
36 105 32
36 106 74
36 107 95
36 108 49
36 109 95
36 110 90
36 111 97
36 112 100
36 113 88
36 114 65
36 115 55
36 116 29
36 117 85
36 118 28
36 119 11
37 38 81
37 39 16
37 40 50
37 41 70
37 42 36
37 43 84
37 44 13
37 45 94
37 46 80
37 47 41
37 48 51
37 49 43
37 50 53
37 51 58
37 52 39
37 53 86
37 54 68
37 55 63
37 56 54
37 57 35
37 58 18
37 59 29
37 60 48
37 61 37
37 62 14
37 63 15
37 64 1
37 65 14
37 66 21
37 67 67
37 68 56
37 69 66
37 70 28
37 71 76
37 72 22
37 73 5
37 74 54
37 75 0
37 76 91
37 77 16
37 78 62
37 79 75
37 80 97
37 81 2
37 82 91
37 83 63
37 84 87
37 85 87
37 86 48
37 87 98
37 88 60
37 89 0
37 90 96
37 91 86
37 92 4
37 93 96
37 94 49
37 95 71
37 96 95
37 97 17
37 98 0
37 99 67
37 100 13
37 101 63
37 102 86
37 103 99
37 104 68
37 105 42
37 106 19
37 107 99
37 108 88
37 109 28
37 110 42
37 111 3
37 112 52
37 113 79
37 114 37
37 115 40
37 116 52
37 117 67
37 118 93
37 119 60
38 39 45
38 40 25
38 41 84
38 42 36
38 43 46
38 44 21
38 45 21
38 46 95
38 47 80
38 48 44
38 49 29
38 50 70
38 51 20
38 52 18
38 53 32
38 54 71
38 55 41
38 56 60
38 57 36
38 58 52
38 59 51
38 60 71
38 61 50
38 62 32
38 63 79
38 64 33
38 65 23
38 66 79
38 67 50
38 68 59
38 69 43
38 70 6
38 71 24
38 72 69
38 73 29
38 74 90
38 75 77
38 76 79
38 77 95
38 78 46
38 79 89
38 80 43
38 81 45
38 82 2
38 83 5
38 84 90
38 85 68
38 86 35
38 87 73
38 88 33
38 89 59
38 90 34
38 91 81
38 92 70
38 93 91
38 94 41
38 95 88
38 96 3
38 97 11
38 98 31
38 99 55
38 100 55
38 101 94
38 102 34
38 103 66
38 104 17
38 105 54
38 106 47
38 107 35
38 108 47
38 109 4
38 110 39
38 111 53
38 112 68
38 113 12
38 114 33
38 115 76
38 116 51
38 117 79
38 118 76
38 119 49
39 40 62
39 41 33
39 42 50
39 43 27
39 44 74
39 45 64
39 46 52
39 47 61
39 48 87
39 49 39
39 50 1
39 51 62
39 52 76
39 53 29
39 54 68
39 55 64
39 56 12
39 57 30
39 58 96
39 59 65
39 60 98
39 61 40
39 62 17
39 63 43
39 64 11
39 65 83
39 66 92
39 67 11
39 68 82
39 69 62
39 70 4
39 71 51
39 72 23
39 73 93
39 74 33
39 75 62
39 76 13
39 77 53
39 78 95
39 79 53
39 80 4
39 81 27
39 82 10
39 83 10
39 84 41
39 85 75
39 86 42
39 87 87
39 88 27
39 89 5
39 90 82
39 91 83
39 92 70
39 93 31
39 94 53
39 95 12
39 96 35
39 97 12
39 98 91
39 99 95
39 100 0
39 101 55
39 102 68
39 103 18
39 104 7
39 105 61
39 106 61
39 107 64
39 108 91
39 109 93
39 110 71
39 111 43
39 112 89
39 113 33
39 114 17
39 115 67
39 116 12
39 117 35
39 118 16
39 119 64
40 41 35
40 42 36
40 43 62
40 44 23
40 45 17
40 46 64
40 47 77
40 48 42
40 49 71
40 50 80
40 51 30
40 52 5
40 53 77
40 54 8
40 55 81
40 56 1
40 57 42
40 58 39
40 59 94
40 60 41
40 61 50
40 62 80
40 63 56
40 64 61
40 65 23
40 66 22
40 67 54
40 68 58
40 69 23
40 70 35
40 71 57
40 72 38
40 73 73
40 74 62
40 75 41
40 76 88
40 77 55
40 78 99
40 79 89
40 80 65
40 81 25
40 82 30
40 83 65
40 84 96
40 85 2
40 86 1
40 87 79
40 88 81
40 89 32
40 90 21
40 91 78
40 92 77
40 93 99
40 94 87
40 95 38
40 96 34
40 97 99
40 98 75
40 99 6
40 100 1
40 101 97
40 102 93
40 103 35
40 104 4
40 105 5
40 106 11
40 107 11
40 108 30
40 109 92
40 110 75
40 111 100
40 112 23
40 113 69
40 114 46
40 115 44
40 116 67
40 117 73
40 118 42
40 119 54
41 42 36
41 43 63
41 44 25
41 45 66
41 46 85
41 47 67
41 48 53
41 49 96
41 50 49
41 51 93
41 52 20
41 53 97
41 54 74
41 55 34
41 56 11
41 57 22
41 58 69
41 59 43
41 60 86
41 61 62
41 62 57
41 63 52
41 64 89
41 65 7
41 66 42
41 67 37
41 68 97
41 69 42
41 70 5
41 71 36
41 72 99
41 73 15
41 74 80
41 75 14
41 76 76
41 77 81
41 78 87
41 79 21
41 80 74
41 81 87
41 82 64
41 83 84
41 84 0
41 85 69
41 86 26
41 87 97
41 88 15
41 89 75
41 90 23
41 91 8
41 92 3
41 93 65
41 94 71
41 95 39
41 96 6
41 97 28
41 98 82
41 99 28
41 100 3
41 101 13
41 102 9
41 103 13
41 104 75
41 105 73
41 106 23
41 107 47
41 108 87
41 109 13
41 110 68
41 111 50
41 112 87
41 113 35
41 114 83
41 115 17
41 116 21
41 117 96
41 118 76
41 119 64
42 43 72
42 44 4
42 45 97
42 46 51
42 47 62
42 48 99
42 49 70
42 50 10
42 51 60
42 52 68
42 53 3
42 54 78
42 55 27
42 56 59
42 57 28
42 58 38
42 59 16
42 60 81
42 61 13
42 62 64
42 63 71
42 64 22
42 65 8
42 66 86
42 67 6
42 68 19
42 69 14
42 70 2
42 71 28
42 72 16
42 73 27
42 74 33
42 75 2
42 76 12
42 77 35
42 78 1
42 79 88
42 80 79
42 81 84
42 82 6
42 83 52
42 84 23
42 85 73
42 86 19
42 87 48
42 88 21
42 89 19
42 90 41
42 91 80
42 92 8
42 93 5
42 94 44
42 95 86
42 96 80
42 97 52
42 98 43
42 99 70
42 100 83
42 101 28
42 102 83
42 103 48
42 104 98
42 105 18
42 106 17
42 107 10
42 108 21
42 109 77
42 110 71
42 111 82
42 112 72
42 113 96
42 114 100
42 115 82
42 116 66
42 117 21
42 118 85
42 119 21
43 44 51
43 45 73
43 46 66
43 47 71
43 48 78
43 49 54
43 50 39
43 51 46
43 52 100
43 53 3
43 54 53
43 55 24
43 56 11
43 57 0
43 58 88
43 59 38
43 60 16
43 61 19
43 62 56
43 63 73
43 64 58
43 65 87
43 66 57
43 67 12
43 68 9
43 69 61
43 70 72
43 71 25
43 72 24
43 73 87
43 74 8
43 75 22
43 76 76
43 77 29
43 78 51
43 79 31
43 80 17
43 81 99
43 82 15
43 83 60
43 84 46
43 85 21
43 86 29
43 87 1
43 88 41
43 89 2
43 90 20
43 91 54
43 92 53
43 93 78
43 94 52
43 95 100
43 96 80
43 97 8
43 98 75
43 99 49
43 100 87
43 101 58
43 102 63
43 103 9
43 104 83
43 105 41
43 106 68
43 107 5
43 108 6
43 109 99
43 110 47
43 111 83
43 112 1
43 113 79
43 114 13
43 115 84
43 116 83
43 117 78
43 118 80
43 119 0
44 45 49
44 46 40
44 47 97
44 48 57
44 49 58
44 50 10
44 51 66
44 52 29
44 53 53
44 54 95
44 55 47
44 56 32
44 57 87
44 58 11
44 59 97
44 60 83
44 61 60
44 62 66
44 63 40
44 64 15
44 65 75
44 66 18
44 67 24
44 68 25
44 69 2
44 70 63
44 71 0
44 72 60
44 73 3
44 74 44
44 75 12
44 76 6
44 77 48
44 78 61
44 79 75
44 80 22
44 81 84
44 82 82
44 83 45
44 84 36
44 85 15
44 86 44
44 87 78
44 88 4
44 89 13
44 90 86
44 91 79
44 92 57
44 93 82
44 94 36
44 95 28
44 96 97
44 97 94
44 98 20
44 99 30
44 100 78
44 101 88
44 102 71
44 103 11
44 104 76
44 105 10
44 106 45
44 107 39
44 108 57
44 109 27
44 110 3
44 111 88
44 112 15
44 113 70
44 114 81
44 115 78
44 116 93
44 117 19
44 118 87
44 119 48
45 46 42
45 47 26
45 48 69
45 49 33
45 50 36
45 51 31
45 52 15
45 53 73
45 54 2
45 55 17
45 56 98
45 57 50
45 58 93
45 59 82
45 60 43
45 61 87
45 62 4
45 63 69
45 64 98
45 65 98
45 66 63
45 67 99
45 68 24
45 69 15
45 70 31
45 71 73
45 72 32
45 73 33
45 74 89
45 75 48
45 76 88
45 77 30
45 78 30
45 79 46
45 80 94
45 81 92
45 82 60
45 83 4
45 84 22
45 85 50
45 86 72
45 87 67
45 88 63
45 89 81
45 90 71
45 91 1
45 92 51
45 93 100
45 94 10
45 95 27
45 96 68
45 97 28
45 98 98
45 99 6
45 100 98
45 101 4
45 102 84
45 103 49
45 104 76
45 105 75
45 106 46
45 107 74
45 108 62
45 109 55
45 110 45
45 111 92
45 112 38
45 113 59
45 114 57
45 115 84
45 116 57
45 117 11
45 118 86
45 119 63
46 47 97
46 48 99
46 49 94
46 50 96
46 51 40
46 52 54
46 53 64
46 54 6
46 55 95
46 56 79
46 57 69
46 58 74
46 59 99
46 60 61
46 61 15
46 62 53
46 63 89
46 64 46
46 65 9
46 66 92
46 67 24
46 68 50
46 69 41
46 70 67
46 71 53
46 72 67
46 73 17
46 74 63
46 75 3
46 76 13
46 77 26
46 78 69
46 79 77
46 80 46
46 81 90
46 82 64
46 83 43
46 84 43
46 85 47
46 86 47
46 87 93
46 88 6
46 89 34
46 90 10
46 91 1
46 92 71
46 93 85
46 94 80
46 95 17
46 96 69
46 97 77
46 98 36
46 99 100
46 100 90
46 101 58
46 102 27
46 103 29
46 104 33
46 105 26
46 106 98
46 107 92
46 108 13
46 109 9
46 110 3
46 111 85
46 112 21
46 113 68
46 114 80
46 115 66
46 116 53
46 117 53
46 118 16
46 119 93
47 48 45
47 49 35
47 50 14
47 51 36
47 52 32
47 53 80
47 54 4
47 55 86
47 56 98
47 57 58
47 58 52
47 59 50
47 60 95
47 61 55
47 62 17
47 63 55
47 64 85
47 65 20
47 66 28
47 67 84
47 68 3
47 69 78
47 70 72
47 71 81
47 72 8
47 73 94
47 74 97
47 75 80
47 76 45
47 77 25
47 78 47
47 79 55
47 80 7
47 81 14
47 82 48
47 83 40
47 84 78
47 85 70
47 86 55
47 87 30
47 88 77
47 89 80
47 90 84
47 91 26
47 92 20
47 93 37
47 94 97
47 95 91
47 96 34
47 97 91
47 98 72
47 99 44
47 100 94
47 101 29
47 102 92
47 103 25
47 104 33
47 105 18
47 106 60
47 107 48
47 108 86
47 109 70
47 110 18
47 111 3
47 112 62
47 113 93
47 114 52
47 115 66
47 116 77
47 117 96
47 118 69
47 119 38
48 49 48
48 50 2
48 51 19
48 52 13
48 53 92
48 54 72
48 55 93
48 56 54
48 57 18
48 58 80
48 59 55
48 60 2
48 61 49
48 62 80
48 63 10
48 64 18
48 65 95
48 66 32
48 67 7
48 68 28
48 69 71
48 70 91
48 71 36
48 72 26
48 73 20
48 74 21
48 75 39
48 76 75
48 77 88
48 78 83
48 79 25
48 80 4
48 81 83
48 82 59
48 83 25
48 84 89
48 85 89
48 86 5
48 87 86
48 88 67
48 89 16
48 90 90
48 91 81
48 92 2
48 93 65
48 94 80
48 95 70
48 96 51
48 97 14
48 98 96
48 99 44
48 100 20
48 101 53
48 102 24
48 103 98
48 104 40
48 105 55
48 106 97
48 107 75
48 108 74
48 109 77
48 110 71
48 111 47
48 112 67
48 113 1
48 114 11
48 115 88
48 116 94
48 117 91
48 118 86
48 119 40
49 50 3
49 51 30
49 52 74
49 53 54
49 54 60
49 55 95
49 56 25
49 57 29
49 58 48
49 59 31
49 60 98
49 61 27
49 62 68
49 63 85
49 64 70
49 65 85
49 66 89
49 67 79
49 68 16
49 69 84
49 70 0
49 71 40
49 72 13
49 73 42
49 74 14
49 75 88
49 76 89
49 77 61
49 78 57
49 79 79
49 80 91
49 81 57
49 82 82
49 83 100
49 84 7
49 85 83
49 86 80
49 87 38
49 88 68
49 89 70
49 90 37
49 91 34
49 92 30
49 93 5
49 94 3
49 95 67
49 96 40
49 97 1
49 98 8
49 99 11
49 100 89
49 101 80
49 102 86
49 103 11
49 104 96
49 105 62
49 106 10
49 107 11
49 108 13
49 109 21
49 110 11
49 111 58
49 112 21
49 113 84
49 114 15
49 115 13
49 116 80
49 117 16
49 118 71
49 119 42
50 51 73
50 52 65
50 53 47
50 54 10
50 55 17
50 56 47
50 57 87
50 58 97
50 59 79
50 60 6
50 61 76
50 62 16
50 63 99
50 64 61
50 65 8
50 66 92
50 67 98
50 68 3
50 69 18
50 70 94
50 71 11
50 72 83
50 73 30
50 74 9
50 75 31
50 76 97
50 77 100
50 78 52
50 79 89
50 80 23
50 81 76
50 82 51
50 83 55
50 84 57
50 85 41
50 86 17
50 87 17
50 88 64
50 89 83
50 90 40
50 91 23
50 92 19
50 93 91
50 94 12
50 95 79
50 96 51
50 97 56
50 98 49
50 99 79
50 100 61
50 101 60
50 102 33
50 103 89
50 104 95
50 105 27
50 106 19
50 107 90
50 108 67
50 109 34
50 110 54
50 111 18
50 112 25
50 113 14
50 114 74
50 115 56
50 116 96
50 117 29
50 118 88
50 119 46
51 52 13
51 53 62
51 54 21
51 55 56
51 56 6
51 57 94
51 58 59
51 59 96
51 60 69
51 61 15
51 62 92
51 63 45
51 64 57
51 65 27
51 66 72
51 67 88
51 68 55
51 69 51
51 70 5
51 71 28
51 72 41
51 73 35
51 74 39
51 75 17
51 76 72
51 77 60
51 78 2
51 79 36
51 80 1
51 81 79
51 82 22
51 83 30
51 84 79
51 85 55
51 86 34
51 87 10
51 88 30
51 89 11
51 90 0
51 91 54
51 92 88
51 93 48
51 94 30
51 95 19
51 96 1
51 97 76
51 98 41
51 99 9
51 100 77
51 101 89
51 102 67
51 103 65
51 104 5
51 105 54
51 106 61
51 107 81
51 108 20
51 109 87
51 110 52
51 111 63
51 112 36
51 113 5
51 114 66
51 115 47
51 116 13
51 117 17
51 118 37
51 119 63
52 53 71
52 54 9
52 55 30
52 56 11
52 57 55
52 58 41
52 59 62
52 60 99
52 61 9
52 62 2
52 63 7
52 64 83
52 65 17
52 66 55
52 67 99
52 68 79
52 69 58
52 70 5
52 71 99
52 72 73
52 73 20
52 74 27
52 75 12
52 76 28
52 77 43
52 78 100
52 79 74
52 80 65
52 81 81
52 82 44
52 83 50
52 84 20
52 85 67
52 86 75
52 87 13
52 88 33
52 89 55
52 90 46
52 91 74
52 92 43
52 93 73
52 94 67
52 95 97
52 96 94
52 97 96
52 98 32
52 99 59
52 100 47
52 101 61
52 102 88
52 103 60
52 104 82
52 105 45
52 106 40
52 107 96
52 108 17
52 109 96
52 110 17
52 111 25
52 112 47
52 113 80
52 114 60
52 115 2
52 116 76
52 117 93
52 118 75
52 119 1
53 54 48
53 55 1
53 56 65
53 57 88
53 58 72
53 59 27
53 60 31
53 61 9
53 62 22
53 63 17
53 64 60
53 65 28
53 66 62
53 67 41
53 68 9
53 69 89
53 70 22
53 71 43
53 72 8
53 73 59
53 74 26
53 75 74
53 76 85
53 77 98
53 78 92
53 79 40
53 80 82
53 81 63
53 82 8
53 83 8
53 84 88
53 85 90
53 86 68
53 87 96
53 88 70
53 89 99
53 90 90
53 91 86
53 92 96
53 93 14
53 94 43
53 95 4
53 96 26
53 97 22
53 98 22
53 99 37
53 100 58
53 101 93
53 102 94
53 103 95
53 104 58
53 105 59
53 106 30
53 107 93
53 108 15
53 109 0
53 110 4
53 111 30
53 112 24
53 113 14
53 114 77
53 115 64
53 116 28
53 117 12
53 118 44
53 119 51
54 55 35
54 56 4
54 57 44
54 58 48
54 59 55
54 60 86
54 61 93
54 62 35
54 63 97
54 64 75
54 65 10
54 66 87
54 67 23
54 68 81
54 69 21
54 70 82
54 71 20
54 72 32
54 73 1
54 74 7
54 75 9
54 76 6
54 77 48
54 78 49
54 79 31
54 80 84
54 81 84
54 82 85
54 83 22
54 84 33
54 85 28
54 86 22
54 87 78
54 88 87
54 89 25
54 90 95
54 91 72
54 92 91
54 93 7
54 94 21
54 95 56
54 96 87
54 97 82
54 98 1
54 99 3
54 100 100
54 101 61
54 102 40
54 103 96
54 104 78
54 105 15
54 106 10
54 107 52
54 108 45
54 109 23
54 110 27
54 111 51
54 112 17
54 113 76
54 114 89
54 115 71
54 116 65
54 117 72
54 118 96
54 119 18
55 56 58
55 57 85
55 58 72
55 59 42
55 60 71
55 61 94
55 62 30
55 63 42
55 64 75
55 65 46
55 66 48
55 67 36
55 68 8
55 69 62
55 70 42
55 71 35
55 72 72
55 73 97
55 74 37
55 75 64
55 76 50
55 77 18
55 78 39
55 79 95
55 80 15
55 81 53
55 82 100
55 83 18
55 84 89
55 85 74
55 86 54
55 87 4
55 88 79
55 89 31
55 90 3
55 91 50
55 92 69
55 93 68
55 94 19
55 95 26
55 96 12
55 97 59
55 98 64
55 99 87
55 100 37
55 101 63
55 102 90
55 103 88
55 104 28
55 105 78
55 106 28
55 107 47
55 108 45
55 109 41
55 110 20
55 111 63
55 112 66
55 113 10
55 114 19
55 115 14
55 116 60
55 117 86
55 118 17
55 119 96
56 57 20
56 58 41
56 59 18
56 60 67
56 61 91
56 62 21
56 63 50
56 64 95
56 65 25
56 66 43
56 67 50
56 68 61
56 69 64
56 70 94
56 71 59
56 72 93
56 73 50
56 74 81
56 75 91
56 76 61
56 77 61
56 78 34
56 79 68
56 80 86
56 81 14
56 82 1
56 83 25
56 84 85
56 85 29
56 86 96
56 87 24
56 88 75
56 89 95
56 90 29
56 91 34
56 92 33
56 93 40
56 94 38
56 95 92
56 96 52
56 97 62
56 98 43
56 99 45
56 100 19
56 101 12
56 102 30
56 103 18
56 104 37
56 105 13
56 106 37
56 107 47
56 108 27
56 109 95
56 110 12
56 111 34
56 112 7
56 113 50
56 114 11
56 115 66
56 116 2
56 117 39
56 118 12
56 119 92
57 58 23
57 59 16
57 60 50
57 61 78
57 62 25
57 63 90
57 64 1
57 65 41
57 66 53
57 67 79
57 68 22
57 69 54
57 70 2
57 71 30
57 72 85
57 73 74
57 74 52
57 75 39
57 76 56
57 77 89
57 78 30
57 79 42
57 80 5
57 81 45
57 82 74
57 83 55
57 84 85
57 85 67
57 86 40
57 87 25
57 88 9
57 89 2
57 90 92
57 91 13
57 92 39
57 93 33
57 94 39
57 95 68
57 96 10
57 97 21
57 98 89
57 99 81
57 100 21
57 101 3
57 102 40
57 103 33
57 104 14
57 105 64
57 106 60
57 107 99
57 108 13
57 109 59
57 110 55
57 111 36
57 112 73
57 113 21
57 114 100
57 115 58
57 116 83
57 117 48
57 118 21
57 119 5
58 59 90
58 60 82
58 61 40
58 62 61
58 63 49
58 64 95
58 65 85
58 66 83
58 67 60
58 68 97
58 69 63
58 70 30
58 71 30
58 72 69
58 73 22
58 74 40
58 75 84
58 76 66
58 77 69
58 78 15
58 79 8
58 80 41
58 81 68
58 82 7
58 83 83
58 84 26
58 85 44
58 86 32
58 87 100
58 88 60
58 89 85
58 90 44
58 91 33
58 92 52
58 93 73
58 94 78
58 95 60
58 96 98
58 97 31
58 98 49
58 99 74
58 100 99
58 101 5
58 102 78
58 103 98
58 104 10
58 105 16
58 106 100
58 107 13
58 108 21
58 109 54
58 110 92
58 111 33
58 112 84
58 113 65
58 114 10
58 115 35
58 116 52
58 117 80
58 118 2
58 119 69
59 60 39
59 61 64
59 62 66
59 63 17
59 64 19
59 65 11
59 66 3
59 67 28
59 68 50
59 69 47
59 70 56
59 71 22
59 72 35
59 73 44
59 74 55
59 75 42
59 76 40
59 77 60
59 78 48
59 79 20
59 80 3
59 81 98
59 82 70
59 83 63
59 84 89
59 85 23
59 86 64
59 87 37
59 88 14
59 89 11
59 90 7
59 91 91
59 92 29
59 93 36
59 94 34
59 95 66
59 96 7
59 97 24
59 98 65
59 99 0
59 100 54
59 101 92
59 102 2
59 103 99
59 104 19
59 105 74
59 106 82
59 107 81
59 108 73
59 109 89
59 110 63
59 111 40
59 112 70
59 113 68
59 114 91
59 115 67
59 116 5
59 117 82
59 118 95
59 119 84
60 61 5
60 62 21
60 63 85
60 64 33
60 65 73
60 66 47
60 67 10
60 68 13
60 69 37
60 70 95
60 71 66
60 72 32
60 73 81
60 74 85
60 75 75
60 76 12
60 77 91
60 78 91
60 79 27
60 80 17
60 81 41
60 82 52
60 83 15
60 84 37
60 85 63
60 86 72
60 87 74
60 88 54
60 89 88
60 90 13
60 91 38
60 92 17
60 93 37
60 94 7
60 95 77
60 96 70
60 97 2
60 98 45
60 99 100
60 100 68
60 101 79
60 102 2
60 103 52
60 104 75
60 105 17
60 106 46
60 107 90
60 108 2
60 109 89
60 110 64
60 111 71
60 112 14
60 113 20
60 114 96
60 115 94
60 116 71
60 117 23
60 118 62
60 119 12
61 62 2
61 63 13
61 64 48
61 65 92
61 66 29
61 67 34
61 68 38
61 69 6
61 70 8
61 71 53
61 72 21
61 73 95
61 74 17
61 75 76
61 76 56
61 77 3
61 78 68
61 79 35
61 80 97
61 81 91
61 82 66
61 83 12
61 84 16
61 85 2
61 86 12
61 87 24
61 88 78
61 89 41
61 90 63
61 91 24
61 92 48
61 93 57
61 94 49
61 95 21
61 96 34
61 97 11
61 98 75
61 99 66
61 100 2
61 101 3
61 102 56
61 103 25
61 104 5
61 105 0
61 106 69
61 107 52
61 108 76
61 109 77
61 110 43
61 111 36
61 112 15
61 113 83
61 114 32
61 115 80
61 116 41
61 117 63
61 118 21
61 119 91
62 63 19
62 64 3
62 65 66
62 66 69
62 67 29
62 68 28
62 69 51
62 70 61
62 71 56
62 72 42
62 73 40
62 74 60
62 75 59
62 76 20
62 77 79
62 78 41
62 79 33
62 80 7
62 81 3
62 82 53
62 83 25
62 84 69
62 85 69
62 86 63
62 87 97
62 88 15
62 89 79
62 90 93
62 91 17
62 92 31
62 93 72
62 94 50
62 95 10
62 96 84
62 97 68
62 98 62
62 99 60
62 100 43
62 101 37
62 102 60
62 103 4
62 104 36
62 105 23
62 106 63
62 107 31
62 108 35
62 109 87
62 110 63
62 111 91
62 112 59
62 113 50
62 114 87
62 115 86
62 116 35
62 117 1
62 118 15
62 119 74
63 64 44
63 65 51
63 66 63
63 67 70
63 68 63
63 69 59
63 70 21
63 71 9
63 72 94
63 73 87
63 74 65
63 75 13
63 76 65
63 77 46
63 78 22
63 79 35
63 80 11
63 81 45
63 82 8
63 83 5
63 84 17
63 85 25
63 86 36
63 87 83
63 88 74
63 89 61
63 90 46
63 91 94
63 92 61
63 93 22
63 94 21
63 95 3
63 96 61
63 97 27
63 98 38
63 99 1
63 100 19
63 101 80
63 102 86
63 103 32
63 104 30
63 105 71
63 106 61
63 107 93
63 108 87
63 109 1
63 110 37
63 111 37
63 112 5
63 113 17
63 114 49
63 115 77
63 116 56
63 117 48
63 118 57
63 119 15
64 65 96
64 66 3
64 67 98
64 68 5
64 69 40
64 70 31
64 71 27
64 72 61
64 73 75
64 74 62
64 75 20
64 76 59
64 77 38
64 78 9
64 79 38
64 80 36
64 81 1
64 82 94
64 83 34
64 84 18
64 85 84
64 86 63
64 87 0
64 88 43
64 89 23
64 90 66
64 91 88
64 92 2
64 93 98
64 94 37
64 95 18
64 96 16
64 97 7
64 98 29
64 99 31
64 100 29
64 101 34
64 102 90
64 103 54
64 104 43
64 105 72
64 106 30
64 107 12
64 108 10
64 109 54
64 110 5
64 111 82
64 112 36
64 113 23
64 114 73
64 115 62
64 116 16
64 117 39
64 118 45
64 119 90
65 66 47
65 67 80
65 68 5
65 69 34
65 70 26
65 71 59
65 72 16
65 73 32
65 74 74
65 75 50
65 76 8
65 77 13
65 78 21
65 79 10
65 80 33
65 81 80
65 82 72
65 83 91
65 84 66
65 85 12
65 86 100
65 87 54
65 88 8
65 89 50
65 90 89
65 91 60
65 92 91
65 93 66
65 94 22
65 95 79
65 96 45
65 97 41
65 98 98
65 99 50
65 100 40
65 101 29
65 102 6
65 103 25
65 104 91
65 105 17
65 106 74
65 107 40
65 108 5
65 109 6
65 110 5
65 111 60
65 112 19
65 113 64
65 114 54
65 115 84
65 116 67
65 117 57
65 118 13
65 119 56
66 67 5
66 68 20
66 69 79
66 70 5
66 71 34
66 72 100
66 73 79
66 74 20
66 75 33
66 76 54
66 77 44
66 78 19
66 79 21
66 80 58
66 81 87
66 82 51
66 83 37
66 84 95
66 85 53
66 86 9
66 87 94
66 88 73
66 89 8
66 90 56
66 91 78
66 92 72
66 93 42
66 94 30
66 95 77
66 96 25
66 97 28
66 98 42
66 99 54
66 100 36
66 101 36
66 102 27
66 103 53
66 104 60
66 105 100
66 106 4
66 107 20
66 108 32
66 109 99
66 110 27
66 111 87
66 112 87
66 113 57
66 114 72
66 115 5
66 116 93
66 117 8
66 118 62
66 119 67
67 68 56
67 69 41
67 70 61
67 71 88
67 72 57
67 73 50
67 74 52
67 75 34
67 76 19
67 77 12
67 78 33
67 79 37
67 80 75
67 81 86
67 82 61
67 83 68
67 84 66
67 85 44
67 86 39
67 87 72
67 88 4
67 89 85
67 90 20
67 91 16
67 92 52
67 93 72
67 94 90
67 95 54
67 96 46
67 97 4
67 98 89
67 99 16
67 100 81
67 101 56
67 102 45
67 103 67
67 104 6
67 105 22
67 106 71
67 107 35
67 108 4
67 109 46
67 110 18
67 111 38
67 112 97
67 113 69
67 114 54
67 115 95
67 116 57
67 117 44
67 118 61
67 119 91
68 69 46
68 70 7
68 71 10
68 72 4
68 73 30
68 74 71
68 75 38
68 76 42
68 77 42
68 78 14
68 79 26
68 80 45
68 81 86
68 82 85
68 83 79
68 84 37
68 85 54
68 86 38
68 87 53
68 88 9
68 89 14
68 90 42
68 91 67
68 92 63
68 93 41
68 94 77
68 95 15
68 96 39
68 97 69
68 98 34
68 99 91
68 100 23
68 101 43
68 102 7
68 103 55
68 104 16
68 105 19
68 106 36
68 107 7
68 108 100
68 109 86
68 110 41
68 111 36
68 112 39
68 113 23
68 114 15
68 115 35
68 116 49
68 117 36
68 118 34
68 119 49
69 70 7
69 71 6
69 72 73
69 73 23
69 74 35
69 75 9
69 76 43
69 77 56
69 78 2
69 79 7
69 80 90
69 81 78
69 82 66
69 83 64
69 84 54
69 85 28
69 86 20
69 87 61
69 88 33
69 89 56
69 90 12
69 91 27
69 92 14
69 93 32
69 94 11
69 95 33
69 96 80
69 97 77
69 98 64
69 99 38
69 100 97
69 101 63
69 102 90
69 103 90
69 104 99
69 105 18
69 106 61
69 107 54
69 108 28
69 109 60
69 110 62
69 111 16
69 112 93
69 113 54
69 114 94
69 115 2
69 116 11
69 117 59
69 118 15
69 119 46
70 71 7
70 72 32
70 73 75
70 74 77
70 75 22
70 76 2
70 77 59
70 78 69
70 79 27
70 80 46
70 81 2
70 82 54
70 83 86
70 84 84
70 85 53
70 86 35
70 87 72
70 88 21
70 89 73
70 90 22
70 91 94
70 92 64
70 93 69
70 94 37
70 95 52
70 96 23
70 97 31
70 98 62
70 99 58
70 100 33
70 101 45
70 102 19
70 103 31
70 104 68
70 105 6
70 106 15
70 107 80
70 108 73
70 109 22
70 110 91
70 111 34
70 112 54
70 113 13
70 114 81
70 115 64
70 116 71
70 117 52
70 118 67
70 119 84
71 72 29
71 73 52
71 74 87
71 75 43
71 76 21
71 77 39
71 78 56
71 79 48
71 80 94
71 81 62
71 82 47
71 83 36
71 84 32
71 85 57
71 86 45
71 87 40
71 88 67
71 89 70
71 90 76
71 91 25
71 92 88
71 93 67
71 94 1
71 95 62
71 96 60
71 97 5
71 98 49
71 99 78
71 100 79
71 101 86
71 102 34
71 103 20
71 104 33
71 105 63
71 106 76
71 107 16
71 108 13
71 109 9
71 110 45
71 111 25
71 112 12
71 113 60
71 114 40
71 115 15
71 116 25
71 117 97
71 118 33
71 119 90
72 73 76
72 74 96
72 75 70
72 76 72
72 77 87
72 78 98
72 79 87
72 80 18
72 81 24
72 82 40
72 83 28
72 84 67
72 85 27
72 86 35
72 87 26
72 88 63
72 89 30
72 90 70
72 91 80
72 92 19
72 93 41
72 94 0
72 95 79
72 96 90
72 97 26
72 98 54
72 99 94
72 100 17
72 101 12
72 102 19
72 103 16
72 104 3
72 105 58
72 106 0
72 107 31
72 108 1
72 109 56
72 110 50
72 111 9
72 112 13
72 113 29
72 114 79
72 115 19
72 116 98
72 117 15
72 118 18
72 119 23
73 74 44
73 75 52
73 76 55
73 77 25
73 78 51
73 79 81
73 80 85
73 81 61
73 82 39
73 83 100
73 84 7
73 85 93
73 86 33
73 87 49
73 88 97
73 89 40
73 90 83
73 91 51
73 92 15
73 93 35
73 94 36
73 95 50
73 96 83
73 97 35
73 98 49
73 99 78
73 100 4
73 101 45
73 102 37
73 103 39
73 104 47
73 105 57
73 106 92
73 107 95
73 108 96
73 109 24
73 110 10
73 111 99
73 112 73
73 113 89
73 114 58
73 115 33
73 116 86
73 117 56
73 118 12
73 119 33
74 75 42
74 76 60
74 77 82
74 78 29
74 79 12
74 80 59
74 81 67
74 82 58
74 83 25
74 84 1
74 85 23
74 86 31
74 87 67
74 88 14
74 89 49
74 90 48
74 91 2
74 92 59
74 93 51
74 94 80
74 95 36
74 96 88
74 97 77
74 98 41
74 99 48
74 100 64
74 101 13
74 102 14
74 103 96
74 104 20
74 105 24
74 106 71
74 107 30
74 108 73
74 109 8
74 110 83
74 111 57
74 112 26
74 113 34
74 114 96
74 115 69
74 116 65
74 117 92
74 118 64
74 119 0
75 76 18
75 77 50
75 78 5
75 79 45
75 80 17
75 81 7
75 82 11
75 83 36
75 84 10
75 85 79
75 86 55
75 87 100
75 88 55
75 89 92
75 90 96
75 91 91
75 92 39
75 93 52
75 94 96
75 95 16
75 96 37
75 97 35
75 98 5
75 99 31
75 100 0
75 101 7
75 102 81
75 103 51
75 104 100
75 105 30
75 106 70
75 107 45
75 108 81
75 109 100
75 110 94
75 111 0
75 112 58
75 113 11
75 114 29
75 115 89
75 116 40
75 117 39
75 118 18
75 119 70
76 77 42
76 78 2
76 79 59
76 80 33
76 81 22
76 82 22
76 83 14
76 84 51
76 85 10
76 86 63
76 87 96
76 88 0
76 89 31
76 90 2
76 91 36
76 92 57
76 93 75
76 94 3
76 95 39
76 96 22
76 97 13
76 98 72
76 99 63
76 100 97
76 101 30
76 102 47
76 103 44
76 104 38
76 105 34
76 106 63
76 107 9
76 108 15
76 109 57
76 110 83
76 111 82
76 112 46
76 113 7
76 114 58
76 115 45
76 116 70
76 117 14
76 118 73
76 119 36
77 78 75
77 79 54
77 80 58
77 81 74
77 82 80
77 83 9
77 84 32
77 85 73
77 86 5
77 87 73
77 88 11
77 89 72
77 90 51
77 91 42
77 92 48
77 93 41
77 94 65
77 95 12
77 96 1
77 97 33
77 98 18
77 99 62
77 100 95
77 101 93
77 102 87
77 103 26
77 104 6
77 105 4
77 106 78
77 107 88
77 108 3
77 109 16
77 110 51
77 111 88
77 112 70
77 113 25
77 114 11
77 115 75
77 116 56
77 117 96
77 118 18
77 119 97
78 79 77
78 80 98
78 81 27
78 82 44
78 83 89
78 84 45
78 85 7
78 86 99
78 87 41
78 88 19
78 89 15
78 90 82
78 91 65
78 92 59
78 93 59
78 94 40
78 95 17
78 96 88
78 97 47
78 98 27
78 99 53
78 100 80
78 101 62
78 102 87
78 103 23
78 104 57
78 105 91
78 106 26
78 107 98
78 108 81
78 109 94
78 110 71
78 111 65
78 112 16
78 113 40
78 114 90
78 115 31
78 116 100
78 117 2
78 118 64
78 119 15
79 80 62
79 81 47
79 82 62
79 83 99
79 84 28
79 85 89
79 86 70
79 87 76
79 88 28
79 89 100
79 90 29
79 91 17
79 92 35
79 93 83
79 94 68
79 95 70
79 96 5
79 97 53
79 98 17
79 99 30
79 100 94
79 101 100
79 102 17
79 103 51
79 104 2
79 105 83
79 106 98
79 107 77
79 108 27
79 109 36
79 110 75
79 111 7
79 112 0
79 113 5
79 114 85
79 115 92
79 116 99
79 117 17
79 118 18
79 119 30
80 81 81
80 82 33
80 83 39
80 84 49
80 85 32
80 86 51
80 87 39
80 88 12
80 89 92
80 90 54
80 91 53
80 92 3
80 93 20
80 94 46
80 95 58
80 96 100
80 97 71
80 98 27
80 99 100
80 100 63
80 101 18
80 102 37
80 103 48
80 104 2
80 105 63
80 106 34
80 107 48
80 108 55
80 109 45
80 110 63
80 111 34
80 112 1
80 113 50
80 114 92
80 115 81
80 116 72
80 117 47
80 118 12
80 119 25
81 82 39
81 83 87
81 84 35
81 85 58
81 86 30
81 87 99
81 88 99
81 89 36
81 90 2
81 91 75
81 92 27
81 93 84
81 94 7
81 95 94
81 96 90
81 97 86
81 98 88
81 99 23
81 100 48
81 101 98
81 102 72
81 103 49
81 104 81
81 105 1
81 106 97
81 107 95
81 108 69
81 109 78
81 110 47
81 111 40
81 112 70
81 113 66
81 114 95
81 115 14
81 116 60
81 117 91
81 118 42
81 119 1
82 83 10
82 84 56
82 85 96
82 86 7
82 87 60
82 88 49
82 89 64
82 90 16
82 91 93
82 92 70
82 93 85
82 94 87
82 95 82
82 96 27
82 97 81
82 98 32
82 99 51
82 100 51
82 101 33
82 102 69
82 103 65
82 104 84
82 105 88
82 106 86
82 107 68
82 108 79
82 109 67
82 110 18
82 111 47
82 112 8
82 113 32
82 114 31
82 115 41
82 116 6
82 117 34
82 118 71
82 119 73
83 84 48
83 85 57
83 86 14
83 87 27
83 88 50
83 89 18
83 90 59
83 91 17
83 92 15
83 93 2
83 94 20
83 95 31
83 96 85
83 97 85
83 98 77
83 99 10
83 100 65
83 101 26
83 102 59
83 103 77
83 104 67
83 105 72
83 106 33
83 107 52
83 108 85
83 109 93
83 110 77
83 111 88
83 112 2
83 113 45
83 114 37
83 115 86
83 116 2
83 117 5
83 118 73
83 119 48
84 85 29
84 86 100
84 87 13
84 88 88
84 89 37
84 90 56
84 91 66
84 92 71
84 93 90
84 94 31
84 95 91
84 96 99
84 97 54
84 98 11
84 99 9
84 100 87
84 101 22
84 102 78
84 103 35
84 104 34
84 105 63
84 106 62
84 107 17
84 108 14
84 109 28
84 110 46
84 111 14
84 112 13
84 113 63
84 114 74
84 115 67
84 116 91
84 117 75
84 118 84
84 119 98
85 86 33
85 87 83
85 88 21
85 89 56
85 90 12
85 91 21
85 92 44
85 93 49
85 94 98
85 95 88
85 96 8
85 97 37
85 98 45
85 99 77
85 100 72
85 101 35
85 102 35
85 103 60
85 104 4
85 105 65
85 106 35
85 107 28
85 108 41
85 109 96
85 110 98
85 111 92
85 112 48
85 113 13
85 114 63
85 115 82
85 116 74
85 117 88
85 118 77
85 119 52
86 87 60
86 88 32
86 89 29
86 90 25
86 91 61
86 92 9
86 93 25
86 94 37
86 95 36
86 96 32
86 97 15
86 98 87
86 99 21
86 100 72
86 101 82
86 102 8
86 103 14
86 104 3
86 105 54
86 106 2
86 107 15
86 108 68
86 109 76
86 110 97
86 111 44
86 112 88
86 113 31
86 114 18
86 115 100
86 116 52
86 117 98
86 118 92
86 119 2
87 88 57
87 89 56
87 90 43
87 91 83
87 92 44
87 93 62
87 94 52
87 95 96
87 96 90
87 97 66
87 98 12
87 99 14
87 100 81
87 101 44
87 102 61
87 103 22
87 104 17
87 105 66
87 106 53
87 107 75
87 108 20
87 109 25
87 110 26
87 111 81
87 112 71
87 113 26
87 114 2
87 115 56
87 116 54
87 117 97
87 118 63
87 119 94
88 89 80
88 90 4
88 91 4
88 92 87
88 93 35
88 94 17
88 95 32
88 96 50
88 97 45
88 98 95
88 99 65
88 100 11
88 101 91
88 102 25
88 103 50
88 104 41
88 105 21
88 106 75
88 107 8
88 108 47
88 109 16
88 110 67
88 111 28
88 112 77
88 113 21
88 114 61
88 115 45
88 116 60
88 117 72
88 118 66
88 119 90
89 90 18
89 91 94
89 92 65
89 93 80
89 94 27
89 95 51
89 96 69
89 97 58
89 98 34
89 99 32
89 100 20
89 101 26
89 102 20
89 103 70
89 104 67
89 105 85
89 106 74
89 107 7
89 108 18
89 109 12
89 110 13
89 111 59
89 112 39
89 113 88
89 114 41
89 115 21
89 116 5
89 117 48
89 118 89
89 119 8
90 91 61
90 92 45
90 93 99
90 94 67
90 95 17
90 96 36
90 97 26
90 98 0
90 99 41
90 100 24
90 101 39
90 102 84
90 103 42
90 104 68
90 105 17
90 106 66
90 107 33
90 108 49
90 109 80
90 110 53
90 111 79
90 112 90
90 113 6
90 114 93
90 115 16
90 116 22
90 117 43
90 118 53
90 119 78
91 92 20
91 93 75
91 94 94
91 95 30
91 96 6
91 97 86
91 98 73
91 99 53
91 100 50
91 101 42
91 102 64
91 103 47
91 104 11
91 105 54
91 106 77
91 107 65
91 108 41
91 109 24
91 110 35
91 111 63
91 112 23
91 113 87
91 114 46
91 115 84
91 116 79
91 117 32
91 118 18
91 119 49
92 93 1
92 94 20
92 95 23
92 96 8
92 97 35
92 98 97
92 99 40
92 100 93
92 101 100
92 102 82
92 103 8
92 104 87
92 105 12
92 106 61
92 107 55
92 108 67
92 109 70
92 110 21
92 111 69
92 112 94
92 113 69
92 114 56
92 115 70
92 116 66
92 117 82
92 118 24
92 119 74
93 94 1
93 95 65
93 96 37
93 97 11
93 98 0
93 99 25
93 100 16
93 101 15
93 102 66
93 103 78
93 104 12
93 105 44
93 106 70
93 107 21
93 108 20
93 109 62
93 110 36
93 111 50
93 112 23
93 113 39
93 114 2
93 115 82
93 116 55
93 117 88
93 118 94
93 119 87
94 95 68
94 96 79
94 97 51
94 98 1
94 99 97
94 100 82
94 101 82
94 102 81
94 103 12
94 104 15
94 105 75
94 106 58
94 107 14
94 108 100
94 109 31
94 110 45
94 111 82
94 112 16
94 113 12
94 114 35
94 115 84
94 116 62
94 117 65
94 118 79
94 119 32
95 96 87
95 97 44
95 98 73
95 99 46
95 100 72
95 101 28
95 102 71
95 103 2
95 104 54
95 105 9
95 106 34
95 107 5
95 108 37
95 109 32
95 110 54
95 111 50
95 112 16
95 113 93
95 114 96
95 115 87
95 116 61
95 117 8
95 118 89
95 119 79
96 97 48
96 98 46
96 99 16
96 100 49
96 101 42
96 102 76
96 103 13
96 104 20
96 105 36
96 106 35
96 107 79
96 108 46
96 109 77
96 110 14
96 111 57
96 112 2
96 113 81
96 114 67
96 115 56
96 116 93
96 117 96
96 118 14
96 119 87
97 98 1
97 99 61
97 100 84
97 101 80
97 102 20
97 103 53
97 104 80
97 105 4
97 106 9
97 107 45
97 108 9
97 109 74
97 110 63
97 111 3
97 112 12
97 113 37
97 114 88
97 115 10
97 116 63
97 117 46
97 118 56
97 119 63
98 99 58
98 100 47
98 101 89
98 102 73
98 103 23
98 104 29
98 105 50
98 106 87
98 107 58
98 108 96
98 109 84
98 110 81
98 111 20
98 112 44
98 113 4
98 114 23
98 115 23
98 116 35
98 117 97
98 118 34
98 119 62
99 100 66
99 101 75
99 102 28
99 103 28
99 104 16
99 105 27
99 106 95
99 107 85
99 108 65
99 109 61
99 110 32
99 111 60
99 112 31
99 113 81
99 114 56
99 115 17
99 116 7
99 117 48
99 118 34
99 119 4
100 101 42
100 102 1
100 103 50
100 104 8
100 105 51
100 106 33
100 107 74
100 108 87
100 109 26
100 110 70
100 111 13
100 112 71
100 113 20
100 114 87
100 115 80
100 116 8
100 117 85
100 118 5
100 119 21
101 102 34
101 103 29
101 104 23
101 105 34
101 106 86
101 107 0
101 108 64
101 109 54
101 110 18
101 111 67
101 112 57
101 113 34
101 114 75
101 115 46
101 116 99
101 117 88
101 118 99
101 119 21
102 103 62
102 104 50
102 105 64
102 106 74
102 107 42
102 108 50
102 109 37
102 110 94
102 111 99
102 112 90
102 113 43
102 114 50
102 115 38
102 116 78
102 117 80
102 118 75
102 119 96
103 104 23
103 105 2
103 106 0
103 107 15
103 108 2
103 109 54
103 110 86
103 111 53
103 112 11
103 113 14
103 114 53
103 115 34
103 116 56
103 117 9
103 118 70
103 119 52
104 105 32
104 106 8
104 107 9
104 108 38
104 109 44
104 110 52
104 111 7
104 112 39
104 113 26
104 114 4
104 115 81
104 116 18
104 117 20
104 118 31
104 119 14
105 106 47
105 107 22
105 108 67
105 109 21
105 110 30
105 111 83
105 112 13
105 113 24
105 114 50
105 115 64
105 116 68
105 117 30
105 118 95
105 119 85
106 107 71
106 108 43
106 109 75
106 110 65
106 111 14
106 112 48
106 113 49
106 114 49
106 115 59
106 116 45
106 117 70
106 118 57
106 119 99
107 108 37
107 109 29
107 110 53
107 111 68
107 112 53
107 113 58
107 114 35
107 115 89
107 116 92
107 117 6
107 118 75
107 119 67
108 109 22
108 110 10
108 111 28
108 112 94
108 113 34
108 114 91
108 115 78
108 116 36
108 117 24
108 118 32
108 119 53
109 110 86
109 111 75
109 112 41
109 113 13
109 114 84
109 115 68
109 116 16
109 117 76
109 118 0
109 119 28
110 111 24
110 112 64
110 113 84
110 114 90
110 115 72
110 116 84
110 117 83
110 118 100
110 119 55
111 112 41
111 113 84
111 114 83
111 115 33
111 116 41
111 117 27
111 118 74
111 119 99
112 113 6
112 114 42
112 115 51
112 116 7
112 117 100
112 118 75
112 119 39
113 114 26
113 115 0
113 116 20
113 117 67
113 118 47
113 119 71
114 115 84
114 116 55
114 117 33
114 118 28
114 119 60
115 116 80
115 117 10
115 118 3
115 119 47
116 117 75
116 118 59
116 119 45
117 118 91
117 119 90
118 119 45