120 10 ss 12 12 12 12 12 12 12 12 12 12 12 12 12 12 12 12 12 12 12 12
0 1 70
0 2 2
0 3 70
0 4 67
0 5 40
0 6 73
0 7 3
0 8 23
0 9 32
0 10 84
0 11 52
0 12 34
0 13 39
0 14 15
0 15 36
0 16 74
0 17 93
0 18 43
0 19 89
0 20 42
0 21 98
0 22 0
0 23 52
0 24 53
0 25 47
0 26 49
0 27 64
0 28 44
0 29 1
0 30 87
0 31 39
0 32 43
0 33 66
0 34 75
0 35 46
0 36 35
0 37 31
0 38 92
0 39 46
0 40 53
0 41 46
0 42 52
0 43 100
0 44 74
0 45 27
0 46 49
0 47 45
0 48 13
0 49 42
0 50 10
0 51 25
0 52 27
0 53 57
0 54 83
0 55 99
0 56 83
0 57 58
0 58 97
0 59 78
0 60 42
0 61 37
0 62 37
0 63 78
0 64 53
0 65 26
0 66 43
0 67 2
0 68 38
0 69 70
0 70 51
0 71 77
0 72 57
0 73 88
0 74 98
0 75 95
0 76 88
0 77 66
0 78 57
0 79 100
0 80 39
0 81 83
0 82 1
0 83 11
0 84 28
0 85 37
0 86 14
0 87 52
0 88 65
0 89 40
0 90 32
0 91 27
0 92 74
0 93 18
0 94 90
0 95 92
0 96 27
0 97 10
0 98 71
0 99 1
0 100 31
0 101 19
0 102 19
0 103 63
0 104 90
0 105 36
0 106 98
0 107 31
0 108 12
0 109 90
0 110 12
0 111 46
0 112 25
0 113 65
0 114 87
0 115 7
0 116 78
0 117 38
0 118 24
0 119 41
1 2 78
1 3 68
1 4 100
1 5 41
1 6 35
1 7 15
1 8 63
1 9 82
1 10 39
1 11 79
1 12 52
1 13 47
1 14 92
1 15 37
1 16 28
1 17 94
1 18 72
1 19 81
1 20 98
1 21 67
1 22 83
1 23 95
1 24 73
1 25 28
1 26 69
1 27 28
1 28 37
1 29 7
1 30 100
1 31 30
1 32 10
1 33 20
1 34 84
1 35 44
1 36 38
1 37 6
1 38 55
1 39 73
1 40 92
1 41 73
1 42 25
1 43 95
1 44 36
1 45 72
1 46 28
1 47 70
1 48 15
1 49 35
1 50 40
1 51 97
1 52 94
1 53 2
1 54 36
1 55 22
1 56 90
1 57 25
1 58 58
1 59 16
1 60 100
1 61 86
1 62 95
1 63 54
1 64 10
1 65 47
1 66 57
1 67 27
1 68 14
1 69 3
1 70 78
1 71 85
1 72 48
1 73 6
1 74 12
1 75 23
1 76 22
1 77 70
1 78 79
1 79 5
1 80 29
1 81 67
1 82 93
1 83 68
1 84 27
1 85 41
1 86 96
1 87 55
1 88 10
1 89 28
1 90 98
1 91 0
1 92 47
1 93 28
1 94 54
1 95 50
1 96 100
1 97 29
1 98 99
1 99 96
1 100 72
1 101 41
1 102 78
1 103 100
1 104 67
1 105 74
1 106 54
1 107 58
1 108 12
1 109 19
1 110 95
1 111 91
1 112 94
1 113 66
1 114 85
1 115 86
1 116 37
1 117 89
1 118 92
1 119 39
2 3 54
2 4 1
2 5 9
2 6 36
2 7 49
2 8 83
2 9 25
2 10 6
2 11 79
2 12 28
2 13 100
2 14 24
2 15 41
2 16 19
2 17 75
2 18 16
2 19 2
2 20 78
2 21 75
2 22 23
2 23 70
2 24 54
2 25 63
2 26 0
2 27 94
2 28 86
2 29 17
2 30 55
2 31 55
2 32 40
2 33 89
2 34 62
2 35 4
2 36 15
2 37 51
2 38 76
2 39 54
2 40 84
2 41 3
2 42 12
2 43 24
2 44 18
2 45 65
2 46 84
2 47 0
2 48 49
2 49 28
2 50 100
2 51 89
2 52 6
2 53 48
2 54 5
2 55 41
2 56 20
2 57 12
2 58 32
2 59 81
2 60 62
2 61 59
2 62 67
2 63 76
2 64 31
2 65 5
2 66 37
2 67 1
2 68 92
2 69 44
2 70 18
2 71 55
2 72 84
2 73 77
2 74 83
2 75 64
2 76 32
2 77 17
2 78 25
2 79 56
2 80 40
2 81 96
2 82 90
2 83 28
2 84 78
2 85 14
2 86 61
2 87 76
2 88 29
2 89 38
2 90 91
2 91 62
2 92 60
2 93 24
2 94 44
2 95 47
2 96 62
2 97 4
2 98 70
2 99 11
2 100 81
2 101 66
2 102 66
2 103 95
2 104 65
2 105 53
2 106 59
2 107 60
2 108 11
2 109 94
2 110 18
2 111 21
2 112 11
2 113 34
2 114 25
2 115 50
2 116 62
2 117 14
2 118 62
2 119 75
3 4 29
3 5 92
3 6 45
3 7 94
3 8 86
3 9 46
3 10 85
3 11 27
3 12 99
3 13 94
3 14 55
3 15 89
3 16 18
3 17 79
3 18 77
3 19 78
3 20 37
3 21 27
3 22 69
3 23 29
3 24 96
3 25 70
3 26 58
3 27 86
3 28 88
3 29 65
3 30 29
3 31 100
3 32 70
3 33 46
3 34 77
3 35 74
3 36 57
3 37 65
3 38 71
3 39 18
3 40 88
3 41 35
3 42 26
3 43 23
3 44 99
3 45 20
3 46 20
3 47 24
3 48 79
3 49 37
3 50 50
3 51 65
3 52 74
3 53 7
3 54 90
3 55 98
3 56 10
3 57 75
3 58 90
3 59 92
3 60 70
3 61 100
3 62 75
3 63 20
3 64 97
3 65 50
3 66 26
3 67 12
3 68 83
3 69 25
3 70 82
3 71 77
3 72 16
3 73 97
3 74 0
3 75 49
3 76 35
3 77 100
3 78 13
3 79 59
3 80 92
3 81 23
3 82 45
3 83 2
3 84 98
3 85 83
3 86 46
3 87 96
3 88 22
3 89 95
3 90 32
3 91 17
3 92 4
3 93 77
3 94 31
3 95 38
3 96 88
3 97 84
3 98 19
3 99 62
3 100 39
3 101 73
3 102 73
3 103 23
3 104 72
3 105 95
3 106 78
3 107 43
3 108 77
3 109 95
3 110 0
3 111 98
3 112 39
3 113 14
3 114 18
3 115 96
3 116 28
3 117 48
3 118 12
3 119 11
4 5 29
4 6 61
4 7 49
4 8 65
4 9 49
4 10 55
4 11 63
4 12 48
4 13 45
4 14 42
4 15 57
4 16 14
4 17 16
4 18 51
4 19 27
4 20 76
4 21 24
4 22 82
4 23 52
4 24 62
4 25 18
4 26 77
4 27 30
4 28 82
4 29 64
4 30 62
4 31 2
4 32 90
4 33 31
4 34 84
4 35 56
4 36 37
4 37 78
4 38 59
4 39 93
4 40 19
4 41 89
4 42 3
4 43 16
4 44 48
4 45 45
4 46 87
4 47 40
4 48 19
4 49 3
4 50 22
4 51 82
4 52 62
4 53 5
4 54 89
4 55 94
4 56 24
4 57 8
4 58 4
4 59 99
4 60 14
4 61 48
4 62 56
4 63 100
4 64 37
4 65 72
4 66 54
4 67 74
4 68 15
4 69 83
4 70 75
4 71 70
4 72 61
4 73 94
4 74 61
4 75 57
4 76 14
4 77 18
4 78 71
4 79 40
4 80 25
4 81 88
4 82 94
4 83 95
4 84 56
4 85 73
4 86 77
4 87 73
4 88 91
4 89 46
4 90 90
4 91 52
4 92 43
4 93 54
4 94 37
4 95 98
4 96 49
4 97 56
4 98 97
4 99 86
4 100 83
4 101 58
4 102 75
4 103 18
4 104 85
4 105 47
4 106 3
4 107 33
4 108 75
4 109 22
4 110 30
4 111 19
4 112 44
4 113 15
4 114 17
4 115 49
4 116 5
4 117 15
4 118 20
4 119 88
5 6 49
5 7 46
5 8 61
5 9 61
5 10 89
5 11 34
5 12 68
5 13 70
5 14 78
5 15 7
5 16 73
5 17 88
5 18 88
5 19 62
5 20 89
5 21 50
5 22 42
5 23 70
5 24 89
5 25 12
5 26 73
5 27 62
5 28 60
5 29 70
5 30 12
5 31 71
5 32 79
5 33 52
5 34 22
5 35 53
5 36 49
5 37 11
5 38 39
5 39 99
5 40 0
5 41 79
5 42 55
5 43 39
5 44 54
5 45 60
5 46 26
5 47 53
5 48 56
5 49 100
5 50 95
5 51 79
5 52 74
5 53 5
5 54 3
5 55 54
5 56 100
5 57 62
5 58 94
5 59 59
5 60 18
5 61 78
5 62 16
5 63 32
5 64 1
5 65 72
5 66 34
5 67 40
5 68 41
5 69 74
5 70 35
5 71 62
5 72 26
5 73 8
5 74 79
5 75 1
5 76 58
5 77 86
5 78 99
5 79 66
5 80 27
5 81 63
5 82 33
5 83 2
5 84 19
5 85 35
5 86 18
5 87 99
5 88 31
5 89 81
5 90 8
5 91 35
5 92 37
5 93 10
5 94 15
5 95 53
5 96 63
5 97 4
5 98 98
5 99 21
5 100 26
5 101 24
5 102 33
5 103 71
5 104 70
5 105 85
5 106 70
5 107 43
5 108 4
5 109 58
5 110 27
5 111 14
5 112 67
5 113 55
5 114 27
5 115 49
5 116 86
5 117 87
5 118 80
5 119 2
6 7 21
6 8 38
6 9 6
6 10 15
6 11 26
6 12 71
6 13 17
6 14 90
6 15 67
6 16 36
6 17 23
6 18 98
6 19 90
6 20 58
6 21 40
6 22 32
6 23 93
6 24 6
6 25 24
6 26 24
6 27 55
6 28 86
6 29 91
6 30 9
6 31 0
6 32 43
6 33 88
6 34 83
6 35 7
6 36 86
6 37 69
6 38 12
6 39 77
6 40 13
6 41 24
6 42 100
6 43 12
6 44 75
6 45 56
6 46 54
6 47 26
6 48 97
6 49 30
6 50 79
6 51 29
6 52 41
6 53 47
6 54 45
6 55 76
6 56 32
6 57 57
6 58 41
6 59 74
6 60 49
6 61 3
6 62 69
6 63 39
6 64 1
6 65 5
6 66 34
6 67 3
6 68 51
6 69 16
6 70 77
6 71 18
6 72 88
6 73 46
6 74 21
6 75 11
6 76 18
6 77 66
6 78 29
6 79 19
6 80 88
6 81 30
6 82 84
6 83 52
6 84 33
6 85 97
6 86 70
6 87 73
6 88 89
6 89 4
6 90 44
6 91 59
6 92 25
6 93 70
6 94 34
6 95 82
6 96 88
6 97 39
6 98 98
6 99 63
6 100 100
6 101 32
6 102 47
6 103 82
6 104 49
6 105 29
6 106 24
6 107 53
6 108 83
6 109 16
6 110 66
6 111 52
6 112 85
6 113 12
6 114 48
6 115 85
6 116 25
6 117 17
6 118 5
6 119 84
7 8 21
7 9 7
7 10 47
7 11 22
7 12 13
7 13 89
7 14 13
7 15 58
7 16 74
7 17 12
7 18 77
7 19 30
7 20 25
7 21 22
7 22 43
7 23 70
7 24 26
7 25 78
7 26 43
7 27 54
7 28 30
7 29 34
7 30 92
7 31 88
7 32 35
7 33 80
7 34 85
7 35 92
7 36 36
7 37 25
7 38 24
7 39 82
7 40 37
7 41 30
7 42 3
7 43 36
7 44 18
7 45 91
7 46 63
7 47 67
7 48 41
7 49 35
7 50 52
7 51 44
7 52 77
7 53 73
7 54 7
7 55 73
7 56 99
7 57 16
7 58 45
7 59 51
7 60 37
7 61 74
7 62 25
7 63 6
7 64 12
7 65 46
7 66 93
7 67 19
7 68 41
7 69 56
7 70 44
7 71 64
7 72 99
7 73 43
7 74 80
7 75 1
7 76 61
7 77 21
7 78 53
7 79 72
7 80 73
7 81 83
7 82 78
7 83 8
7 84 82
7 85 35
7 86 56
7 87 34
7 88 15
7 89 33
7 90 33
7 91 59
7 92 29
7 93 66
7 94 64
7 95 71
7 96 15
7 97 14
7 98 26
7 99 19
7 100 62
7 101 29
7 102 14
7 103 11
7 104 44
7 105 20
7 106 29
7 107 42
7 108 51
7 109 34
7 110 14
7 111 68
7 112 22
7 113 78
7 114 77
7 115 65
7 116 8
7 117 99
7 118 23
7 119 15
8 9 58
8 10 26
8 11 47
8 12 92
8 13 77
8 14 41
8 15 23
8 16 69
8 17 45
8 18 26
8 19 67
8 20 15
8 21 54
8 22 3
8 23 94
8 24 36
8 25 51
8 26 96
8 27 14
8 28 40
8 29 85
8 30 71
8 31 76
8 32 33
8 33 71
8 34 72
8 35 51
8 36 79
8 37 50
8 38 85
8 39 33
8 40 71
8 41 16
8 42 92
8 43 61
8 44 28
8 45 12
8 46 35
8 47 99
8 48 8
8 49 30
8 50 44
8 51 93
8 52 21
8 53 51
8 54 25
8 55 90
8 56 78
8 57 68
8 58 9
8 59 60
8 60 64
8 61 39
8 62 68
8 63 53
8 64 70
8 65 61
8 66 54
8 67 83
8 68 13
8 69 67
8 70 24
8 71 56
8 72 68
8 73 100
8 74 13
8 75 55
8 76 40
8 77 34
8 78 17
8 79 31
8 80 37
8 81 3
8 82 84
8 83 93
8 84 22
8 85 45
8 86 47
8 87 30
8 88 78
8 89 84
8 90 14
8 91 65
8 92 42
8 93 3
8 94 49
8 95 52
8 96 90
8 97 40
8 98 61
8 99 22
8 100 36
8 101 77
8 102 20
8 103 53
8 104 97
8 105 80
8 106 67
8 107 14
8 108 92
8 109 11
8 110 58
8 111 76
8 112 16
8 113 46
8 114 17
8 115 30
8 116 33
8 117 99
8 118 9
8 119 62
9 10 66
9 11 60
9 12 27
9 13 2
9 14 0
9 15 11
9 16 90
9 17 82
9 18 0
9 19 2
9 20 9
9 21 19
9 22 4
9 23 95
9 24 53
9 25 90
9 26 85
9 27 17
9 28 76
9 29 64
9 30 96
9 31 40
9 32 41
9 33 76
9 34 92
9 35 16
9 36 10
9 37 70
9 38 61
9 39 25
9 40 3
9 41 90
9 42 83
9 43 96
9 44 40
9 45 52
9 46 25
9 47 63
9 48 45
9 49 72
9 50 85
9 51 34
9 52 25
9 53 60
9 54 29
9 55 68
9 56 43
9 57 73
9 58 13
9 59 46
9 60 18
9 61 3
9 62 54
9 63 18
9 64 21
9 65 95
9 66 45
9 67 6
9 68 60
9 69 98
9 70 38
9 71 57
9 72 3
9 73 77
9 74 27
9 75 87
9 76 42
9 77 21
9 78 9
9 79 26
9 80 100
9 81 90
9 82 15
9 83 64
9 84 86
9 85 46
9 86 40
9 87 13
9 88 26
9 89 66
9 90 34
9 91 91
9 92 28
9 93 65
9 94 40
9 95 83
9 96 98
9 97 5
9 98 7
9 99 18
9 100 94
9 101 24
9 102 18
9 103 14
9 104 74
9 105 63
9 106 50
9 107 58
9 108 53
9 109 96
9 110 95
9 111 91
9 112 85
9 113 5
9 114 98
9 115 78
9 116 100
9 117 80
9 118 25
9 119 33
10 11 65
10 12 99
10 13 32
10 14 35
10 15 31
10 16 72
10 17 60
10 18 96
10 19 95
10 20 100
10 21 43
10 22 7
10 23 15
10 24 42
10 25 81
10 26 39
10 27 87
10 28 5
10 29 33
10 30 0
10 31 37
10 32 43
10 33 25
10 34 83
10 35 7
10 36 71
10 37 54
10 38 22
10 39 75
10 40 97
10 41 74
10 42 45
10 43 23
10 44 97
10 45 10
10 46 47
10 47 20
10 48 80
10 49 38
10 50 42
10 51 75
10 52 60
10 53 22
10 54 77
10 55 9
10 56 2
10 57 44
10 58 61
10 59 6
10 60 57
10 61 81
10 62 46
10 63 12
10 64 33
10 65 87
10 66 40
10 67 86
10 68 50
10 69 41
10 70 29
10 71 31
10 72 51
10 73 78
10 74 11
10 75 38
10 76 80
10 77 55
10 78 66
10 79 22
10 80 31
10 81 85
10 82 29
10 83 29
10 84 56
10 85 81
10 86 41
10 87 65
10 88 7
10 89 31
10 90 3
10 91 58
10 92 2
10 93 61
10 94 35
10 95 47
10 96 8
10 97 97
10 98 33
10 99 73
10 100 0
10 101 33
10 102 96
10 103 81
10 104 14
10 105 2
10 106 90
10 107 13
10 108 14
10 109 11
10 110 47
10 111 83
10 112 44
10 113 70
10 114 28
10 115 27
10 116 52
10 117 55
10 118 84
10 119 63
11 12 46
11 13 30
11 14 58
11 15 92
11 16 75
11 17 47
11 18 66
11 19 16
11 20 27
11 21 10
11 22 67
11 23 66
11 24 60
11 25 74
11 26 8
11 27 7
11 28 87
11 29 43
11 30 77
11 31 79
11 32 66
11 33 21
11 34 19
11 35 32
11 36 50
11 37 12
11 38 81
11 39 53
11 40 36
11 41 15
11 42 64
11 43 62
11 44 76
11 45 91
11 46 76
11 47 17
11 48 32
11 49 61
11 50 58
11 51 9
11 52 30
11 53 93
11 54 13
11 55 100
11 56 30
11 57 35
11 58 1
11 59 55
11 60 44
11 61 38
11 62 0
11 63 41
11 64 25
11 65 67
11 66 39
11 67 50
11 68 75
11 69 44
11 70 31
11 71 55
11 72 93
11 73 31
11 74 71
11 75 75
11 76 11
11 77 30
11 78 87
11 79 94
11 80 4
11 81 59
11 82 98
11 83 5
11 84 0
11 85 95
11 86 66
11 87 37
11 88 51
11 89 24
11 90 90
11 91 31
11 92 92
11 93 1
11 94 43
11 95 35
11 96 58
11 97 91
11 98 57
11 99 14
11 100 71
11 101 38
11 102 33
11 103 23
11 104 1
11 105 93
11 106 75
11 107 38
11 108 45
11 109 30
11 110 60
11 111 72
11 112 34
11 113 62
11 114 92
11 115 39
11 116 13
11 117 69
11 118 2
11 119 67
12 13 34
12 14 7
12 15 68
12 16 87
12 17 38
12 18 66
12 19 73
12 20 19
12 21 87
12 22 80
12 23 30
12 24 79
12 25 7
12 26 33
12 27 81
12 28 40
12 29 63
12 30 59
12 31 97
12 32 84
12 33 62
12 34 34
12 35 79
12 36 48
12 37 12
12 38 90
12 39 42
12 40 51
12 41 83
12 42 70
12 43 33
12 44 26
12 45 1
12 46 5
12 47 32
12 48 14
12 49 30
12 50 86
12 51 15
12 52 98
12 53 4
12 54 9
12 55 7
12 56 8
12 57 51
12 58 37
12 59 76
12 60 24
12 61 64
12 62 50
12 63 41
12 64 66
12 65 19
12 66 60
12 67 83
12 68 88
12 69 78
12 70 87
12 71 80
12 72 45
12 73 9
12 74 39
12 75 11
12 76 5
12 77 50
12 78 41
12 79 43
12 80 1
12 81 19
12 82 4
12 83 29
12 84 87
12 85 54
12 86 71
12 87 13
12 88 76
12 89 7
12 90 36
12 91 51
12 92 26
12 93 23
12 94 5
12 95 78
12 96 31
12 97 73
12 98 54
12 99 74
12 100 78
12 101 23
12 102 16
12 103 16
12 104 77
12 105 0
12 106 43
12 107 59
12 108 30
12 109 79
12 110 43
12 111 54
12 112 95
12 113 26
12 114 1
12 115 45
12 116 28
12 117 81
12 118 88
12 119 35
13 14 72
13 15 70
13 16 3
13 17 3
13 18 46
13 19 66
13 20 97
13 21 17
13 22 93
13 23 93
13 24 61
13 25 67
13 26 66
13 27 26
13 28 53
13 29 90
13 30 97
13 31 6
13 32 13
13 33 42
13 34 41
13 35 91
13 36 44
13 37 7
13 38 75
13 39 4
13 40 88
13 41 93
13 42 61
13 43 25
13 44 8
13 45 91
13 46 32
13 47 16
13 48 73
13 49 23
13 50 69
13 51 72
13 52 40
13 53 79
13 54 32
13 55 68
13 56 31
13 57 85
13 58 58
13 59 32
13 60 5
13 61 11
13 62 83
13 63 74
13 64 8
13 65 50
13 66 75
13 67 17
13 68 48
13 69 52
13 70 46
13 71 53
13 72 29
13 73 100
13 74 22
13 75 17
13 76 13
13 77 72
13 78 10
13 79 99
13 80 46
13 81 60
13 82 78
13 83 44
13 84 43
13 85 54
13 86 55
13 87 5
13 88 89
13 89 16
13 90 58
13 91 1
13 92 11
13 93 74
13 94 73
13 95 31
13 96 88
13 97 8
13 98 74
13 99 71
13 100 81
13 101 78
13 102 100
13 103 89
13 104 96
13 105 22
13 106 77
13 107 39
13 108 42
13 109 90
13 110 33
13 111 31
13 112 44
13 113 75
13 114 4
13 115 23
13 116 54
13 117 6
13 118 98
13 119 99
14 15 50
14 16 59
14 17 45
14 18 5
14 19 83
14 20 66
14 21 17
14 22 73
14 23 10
14 24 83
14 25 46
14 26 71
14 27 88
14 28 86
14 29 67
14 30 14
14 31 64
14 32 72
14 33 64
14 34 17
14 35 80
14 36 1
14 37 13
14 38 6
14 39 76
14 40 13
14 41 72
14 42 33
14 43 98
14 44 32
14 45 32
14 46 79
14 47 57
14 48 45
14 49 85
14 50 41
14 51 8
14 52 21
14 53 72
14 54 64
14 55 82
14 56 72
14 57 33
14 58 36
14 59 78
14 60 47
14 61 96
14 62 70
14 63 99
14 64 13
14 65 89
14 66 28
14 67 95
14 68 41
14 69 13
14 70 70
14 71 89
14 72 100
14 73 55
14 74 67
14 75 39
14 76 51
14 77 9
14 78 83
14 79 93
14 80 40
14 81 34
14 82 80
14 83 78
14 84 33
14 85 32
14 86 66
14 87 28
14 88 76
14 89 26
14 90 4
14 91 79
14 92 38
14 93 48
14 94 37
14 95 13
14 96 96
14 97 6
14 98 34
14 99 70
14 100 40
14 101 38
14 102 52
14 103 54
14 104 59
14 105 59
14 106 69
14 107 0
14 108 60
14 109 38
14 110 72
14 111 26
14 112 45
14 113 73
14 114 26
14 115 100
14 116 35
14 117 38
14 118 52
14 119 82
15 16 38
15 17 52
15 18 26
15 19 57
15 20 40
15 21 89
15 22 79
15 23 19
15 24 72
15 25 43
15 26 98
15 27 81
15 28 99
15 29 30
15 30 60
15 31 73
15 32 49
15 33 21
15 34 27
15 35 82
15 36 81
15 37 82
15 38 2
15 39 91
15 40 3
15 41 7
15 42 92
15 43 80
15 44 73
15 45 15
15 46 27
15 47 48
15 48 36
15 49 17
15 50 45
15 51 96
15 52 54
15 53 81
15 54 33
15 55 88
15 56 64
15 57 82
15 58 94
15 59 53
15 60 19
15 61 17
15 62 44
15 63 86
15 64 80
15 65 53
15 66 26
15 67 5
15 68 11
15 69 81
15 70 99
15 71 27
15 72 83
15 73 35
15 74 42
15 75 87
15 76 63
15 77 50
15 78 58
15 79 95
15 80 80
15 81 29
15 82 15
15 83 15
15 84 86
15 85 62
15 86 81
15 87 62
15 88 99
15 89 85
15 90 89
15 91 98
15 92 92
15 93 28
15 94 77
15 95 30
15 96 97
15 97 69
15 98 10
15 99 96
15 100 55
15 101 94
15 102 39
15 103 77
15 104 30
15 105 70
15 106 1
15 107 56
15 108 26
15 109 88
15 110 98
15 111 34
15 112 12
15 113 5
15 114 44
15 115 1
15 116 75
15 117 18
15 118 77
15 119 4
16 17 67
16 18 24
16 19 89
16 20 59
16 21 85
16 22 2
16 23 8
16 24 22
16 25 21
16 26 54
16 27 46
16 28 35
16 29 18
16 30 94
16 31 19
16 32 91
16 33 31
16 34 34
16 35 90
16 36 53
16 37 47
16 38 57
16 39 20
16 40 15
16 41 52
16 42 4
16 43 24
16 44 26
16 45 9
16 46 16
16 47 47
16 48 79
16 49 20
16 50 1
16 51 91
16 52 7
16 53 32
16 54 30
16 55 44
16 56 31
16 57 75
16 58 48
16 59 21
16 60 58
16 61 41
16 62 15
16 63 92
16 64 87
16 65 7
16 66 88
16 67 51
16 68 70
16 69 79
16 70 88
16 71 98
16 72 18
16 73 72
16 74 88
16 75 0
16 76 60
16 77 49
16 78 36
16 79 95
16 80 41
16 81 86
16 82 54
16 83 55
16 84 14
16 85 11
16 86 40
16 87 36
16 88 60
16 89 41
16 90 52
16 91 33
16 92 35
16 93 67
16 94 47
16 95 96
16 96 83
16 97 49
16 98 53
16 99 89
16 100 37
16 101 51
16 102 52
16 103 36
16 104 22
16 105 45
16 106 65
16 107 75
16 108 96
16 109 37
16 110 31
16 111 24
16 112 73
16 113 35
16 114 62
16 115 71
16 116 23
16 117 41
16 118 35
16 119 50
17 18 27
17 19 100
17 20 70
17 21 95
17 22 15
17 23 80
17 24 93
17 25 24
17 26 52
17 27 91
17 28 71
17 29 63
17 30 67
17 31 54
17 32 49
17 33 85
17 34 54
17 35 6
17 36 65
17 37 97
17 38 24
17 39 91
17 40 35
17 41 16
17 42 26
17 43 62
17 44 82
17 45 30
17 46 46
17 47 4
17 48 34
17 49 29
17 50 38
17 51 49
17 52 67
17 53 34
17 54 45
17 55 95
17 56 66
17 57 27
17 58 44
17 59 29
17 60 51
17 61 68
17 62 13
17 63 55
17 64 70
17 65 20
17 66 96
17 67 73
17 68 53
17 69 6
17 70 10
17 71 17
17 72 42
17 73 5
17 74 88
17 75 94
17 76 2
17 77 77
17 78 26
17 79 3
17 80 78
17 81 50
17 82 62
17 83 1
17 84 19
17 85 25
17 86 63
17 87 2
17 88 9
17 89 98
17 90 31
17 91 7
17 92 10
17 93 81
17 94 60
17 95 66
17 96 14
17 97 62
17 98 90
17 99 33
17 100 24
17 101 80
17 102 43
17 103 81
17 104 30
17 105 63
17 106 43
17 107 54
17 108 60
17 109 18
17 110 94
17 111 15
17 112 77
17 113 41
17 114 76
17 115 77
17 116 57
17 117 30
17 118 76
17 119 93
18 19 83
18 20 95
18 21 89
18 22 80
18 23 56
18 24 24
18 25 53
18 26 28
18 27 49
18 28 43
18 29 26
18 30 29
18 31 90
18 32 31
18 33 36
18 34 23
18 35 43
18 36 60
18 37 99
18 38 73
18 39 5
18 40 57
18 41 17
18 42 37
18 43 84
18 44 16
18 45 94
18 46 100
18 47 79
18 48 5
18 49 57
18 50 2
18 51 32
18 52 52
18 53 58
18 54 43
18 55 37
18 56 72
18 57 23
18 58 2
18 59 48
18 60 79
18 61 22
18 62 87
18 63 23
18 64 2
18 65 73
18 66 51
18 67 7
18 68 87
18 69 71
18 70 15
18 71 19
18 72 46
18 73 95
18 74 73
18 75 90
18 76 47
18 77 6
18 78 17
18 79 77
18 80 86
18 81 83
18 82 36
18 83 74
18 84 38
18 85 69
18 86 99
18 87 95
18 88 46
18 89 54
18 90 5
18 91 26
18 92 84
18 93 30
18 94 80
18 95 38
18 96 51
18 97 91
18 98 29
18 99 45
18 100 73
18 101 41
18 102 44
18 103 93
18 104 28
18 105 36
18 106 24
18 107 96
18 108 13
18 109 46
18 110 59
18 111 8
18 112 76
18 113 72
18 114 52
18 115 80
18 116 58
18 117 94
18 118 32
18 119 71
19 20 23
19 21 28
19 22 76
19 23 18
19 24 16
19 25 36
19 26 59
19 27 82
19 28 37
19 29 75
19 30 94
19 31 84
19 32 17
19 33 86
19 34 71
19 35 89
19 36 93
19 37 29
19 38 10
19 39 81
19 40 91
19 41 72
19 42 87
19 43 87
19 44 26
19 45 49
19 46 48
19 47 98
19 48 68
19 49 22
19 50 64
19 51 63
19 52 89
19 53 52
19 54 88
19 55 69
19 56 66
19 57 50
19 58 7
19 59 0
19 60 99
19 61 80
19 62 66
19 63 41
19 64 70
19 65 53
19 66 85
19 67 63
19 68 36
19 69 81
19 70 62
19 71 55
19 72 63
19 73 14
19 74 8
19 75 48
19 76 7
19 77 73
19 78 14
19 79 72
19 80 61
19 81 92
19 82 75
19 83 98
19 84 34
19 85 7
19 86 90
19 87 68
19 88 64
19 89 31
19 90 78
19 91 49
19 92 94
19 93 91
19 94 40
19 95 93
19 96 32
19 97 15
19 98 52
19 99 58
19 100 37
19 101 89
19 102 58
19 103 45
19 104 58
19 105 38
19 106 77
19 107 23
19 108 6
19 109 77
19 110 59
19 111 85
19 112 82
19 113 4
19 114 43
19 115 83
19 116 29
19 117 100
19 118 39
19 119 83
20 21 57
20 22 14
20 23 39
20 24 63
20 25 44
20 26 16
20 27 18
20 28 55
20 29 65
20 30 48
20 31 46
20 32 76
20 33 98
20 34 77
20 35 76
20 36 51
20 37 48
20 38 21
20 39 8
20 40 77
20 41 39
20 42 58
20 43 56
20 44 35
20 45 69
20 46 80
20 47 62
20 48 83
20 49 54
20 50 88
20 51 1
20 52 93
20 53 21
20 54 28
20 55 34
20 56 53
20 57 3
20 58 0
20 59 64
20 60 97
20 61 21
20 62 97
20 63 94
20 64 58
20 65 54
20 66 90
20 67 97
20 68 5
20 69 9
20 70 92
20 71 94
20 72 100
20 73 59
20 74 66
20 75 27
20 76 87
20 77 52
20 78 46
20 79 39
20 80 87
20 81 67
20 82 94
20 83 6
20 84 82
20 85 24
20 86 80
20 87 60
20 88 30
20 89 34
20 90 0
20 91 54
20 92 6
20 93 15
20 94 58
20 95 44
20 96 33
20 97 97
20 98 33
20 99 80
20 100 51
20 101 85
20 102 82
20 103 65
20 104 85
20 105 89
20 106 81
20 107 84
20 108 15
20 109 34
20 110 77
20 111 35
20 112 84
20 113 2
20 114 48
20 115 77
20 116 4
20 117 66
20 118 84
20 119 31
21 22 63
21 23 11
21 24 85
21 25 78
21 26 37
21 27 41
21 28 89
21 29 23
21 30 81
21 31 19
21 32 16
21 33 2
21 34 74
21 35 66
21 36 37
21 37 52
21 38 71
21 39 30
21 40 66
21 41 93
21 42 51
21 43 53
21 44 32
21 45 57
21 46 53
21 47 32
21 48 89
21 49 75
21 50 90
21 51 42
21 52 68
21 53 17
21 54 22
21 55 84
21 56 33
21 57 17
21 58 72
21 59 15
21 60 79
21 61 80
21 62 20
21 63 16
21 64 17
21 65 89
21 66 14
21 67 22
21 68 75
21 69 91
21 70 39
21 71 82
21 72 66
21 73 14
21 74 53
21 75 65
21 76 72
21 77 79
21 78 0
21 79 80
21 80 53
21 81 65
21 82 72
21 83 99
21 84 16
21 85 48
21 86 23
21 87 74
21 88 96
21 89 44
21 90 28
21 91 25
21 92 84
21 93 94
21 94 26
21 95 72
21 96 11
21 97 71
21 98 90
21 99 14
21 100 31
21 101 33
21 102 15
21 103 60
21 104 2
21 105 57
21 106 38
21 107 55
21 108 8
21 109 98
21 110 10
21 111 37
21 112 51
21 113 2
21 114 24
21 115 35
21 116 0
21 117 53
21 118 36
21 119 82
22 23 83
22 24 72
22 25 65
22 26 11
22 27 68
22 28 99
22 29 91
22 30 11
22 31 87
22 32 45
22 33 75
22 34 61
22 35 90
22 36 56
22 37 12
22 38 5
22 39 30
22 40 95
22 41 71
22 42 42
22 43 52
22 44 33
22 45 95
22 46 26
22 47 16
22 48 58
22 49 70
22 50 19
22 51 39
22 52 14
22 53 71
22 54 24
22 55 18
22 56 49
22 57 83
22 58 55
22 59 65
22 60 63
22 61 5
22 62 83
22 63 90
22 64 44
22 65 57
22 66 1
22 67 70
22 68 34
22 69 99
22 70 21
22 71 8
22 72 71
22 73 36
22 74 57
22 75 80
22 76 59
22 77 94
22 78 45
22 79 4
22 80 7
22 81 69
22 82 34
22 83 12
22 84 36
22 85 55
22 86 72
22 87 66
22 88 71
22 89 48
22 90 23
22 91 45
22 92 90
22 93 82
22 94 92
22 95 31
22 96 91
22 97 79
22 98 34
22 99 80
22 100 27
22 101 10
22 102 59
22 103 70
22 104 2
22 105 0
22 106 75
22 107 90
22 108 79
22 109 48
22 110 91
22 111 75
22 112 58
22 113 80
22 114 54
22 115 69
22 116 83
22 117 67
22 118 20
22 119 10
23 24 97
23 25 60
23 26 99
23 27 6
23 28 18
23 29 10
23 30 95
23 31 63
23 32 53
23 33 5
23 34 89
23 35 95
23 36 30
23 37 82
23 38 76
23 39 43
23 40 26
23 41 100
23 42 43
23 43 81
23 44 12
23 45 93
23 46 58
23 47 33
23 48 48
23 49 76
23 50 31
23 51 94
23 52 7
23 53 72
23 54 97
23 55 27
23 56 16
23 57 27
23 58 85
23 59 31
23 60 78
23 61 66
23 62 99
23 63 28
23 64 93
23 65 43
23 66 54
23 67 32
23 68 99
23 69 82
23 70 40
23 71 66
23 72 91
23 73 24
23 74 89
23 75 82
23 76 60
23 77 70
23 78 82
23 79 16
23 80 24
23 81 85
23 82 85
23 83 81
23 84 38
23 85 15
23 86 34
23 87 22
23 88 99
23 89 28
23 90 17
23 91 19
23 92 99
23 93 75
23 94 40
23 95 75
23 96 3
23 97 78
23 98 54
23 99 59
23 100 29
23 101 89
23 102 18
23 103 90
23 104 21
23 105 4
23 106 15
23 107 70
23 108 22
23 109 65
23 110 52
23 111 46
23 112 0
23 113 0
23 114 49
23 115 27
23 116 98
23 117 5
23 118 49
23 119 15
24 25 35
24 26 10
24 27 42
24 28 97
24 29 78
24 30 45
24 31 75
24 32 71
24 33 18
24 34 3
24 35 14
24 36 29
24 37 6
24 38 24
24 39 91
24 40 89
24 41 54
24 42 19
24 43 73
24 44 38
24 45 27
24 46 17
24 47 10
24 48 88
24 49 71
24 50 66
24 51 40
24 52 82
24 53 37
24 54 21
24 55 59
24 56 30
24 57 71
24 58 97
24 59 11
24 60 48
24 61 8
24 62 60
24 63 28
24 64 53
24 65 63
24 66 34
24 67 86
24 68 55
24 69 63
24 70 5
24 71 12
24 72 68
24 73 100
24 74 54
24 75 67
24 76 57
24 77 60
24 78 35
24 79 46
24 80 22
24 81 76
24 82 100
24 83 49
24 84 35
24 85 78
24 86 74
24 87 77
24 88 69
24 89 67
24 90 11
24 91 54
24 92 98
24 93 49
24 94 90
24 95 36
24 96 2
24 97 41
24 98 38
24 99 54
24 100 75
24 101 87
24 102 90
24 103 37
24 104 15
24 105 7
24 106 89
24 107 5
24 108 53
24 109 14
24 110 98
24 111 94
24 112 57
24 113 74
24 114 10
24 115 29
24 116 15
24 117 74
24 118 7
24 119 91
25 26 18
25 27 80
25 28 89
25 29 86
25 30 35
25 31 87
25 32 56
25 33 0
25 34 66
25 35 65
25 36 42
25 37 17
25 38 19
25 39 72
25 40 33
25 41 0
25 42 54
25 43 59
25 44 14
25 45 96
25 46 79
25 47 87
25 48 89
25 49 48
25 50 78
25 51 72
25 52 55
25 53 58
25 54 23
25 55 99
25 56 44
25 57 75
25 58 55
25 59 8
25 60 56
25 61 41
25 62 30
25 63 59
25 64 57
25 65 36
25 66 30
25 67 94
25 68 60
25 69 34
25 70 83
25 71 67
25 72 33
25 73 51
25 74 21
25 75 83
25 76 96
25 77 61
25 78 30
25 79 53
25 80 5
25 81 14
25 82 5
25 83 86
25 84 42
25 85 48
25 86 50
25 87 74
25 88 95
25 89 93
25 90 72
25 91 6
25 92 64
25 93 12
25 94 52
25 95 10
25 96 77
25 97 51
25 98 13
25 99 16
25 100 33
25 101 17
25 102 77
25 103 34
25 104 71
25 105 65
25 106 2
25 107 24
25 108 97
25 109 19
25 110 77
25 111 19
25 112 17
25 113 87
25 114 62
25 115 58
25 116 28
25 117 6
25 118 48
25 119 54
26 27 87
26 28 99
26 29 94
26 30 4
26 31 9
26 32 17
26 33 67
26 34 18
26 35 17
26 36 32
26 37 57
26 38 45
26 39 52
26 40 91
26 41 47
26 42 60
26 43 75
26 44 37
26 45 46
26 46 40
26 47 35
26 48 28
26 49 85
26 50 16
26 51 12
26 52 22
26 53 93
26 54 65
26 55 86
26 56 29
26 57 73
26 58 23
26 59 92
26 60 29
26 61 34
26 62 76
26 63 73
26 64 39
26 65 58
26 66 97
26 67 65
26 68 17
26 69 85
26 70 93
26 71 1
26 72 23
26 73 83
26 74 14
26 75 10
26 76 67
26 77 19
26 78 95
26 79 89
26 80 59
26 81 27
26 82 97
26 83 21
26 84 43
26 85 94
26 86 69
26 87 49
26 88 57
26 89 23
26 90 99
26 91 40
26 92 3
26 93 74
26 94 19
26 95 56
26 96 83
26 97 81
26 98 88
26 99 100
26 100 23
26 101 32
26 102 41
26 103 42
26 104 27
26 105 86
26 106 47
26 107 75
26 108 37
26 109 35
26 110 45
26 111 35
26 112 16
26 113 64
26 114 2
26 115 98
26 116 78
26 117 93
26 118 1
26 119 85
27 28 90
27 29 55
27 30 88
27 31 23
27 32 43
27 33 53
27 34 42
27 35 33
27 36 30
27 37 67
27 38 86
27 39 27
27 40 44
27 41 51
27 42 81
27 43 68
27 44 17
27 45 66
27 46 24
27 47 48
27 48 63
27 49 5
27 50 82
27 51 87
27 52 53
27 53 79
27 54 5
27 55 12
27 56 91
27 57 69
27 58 41
27 59 60
27 60 97
27 61 37
27 62 1
27 63 51
27 64 57
27 65 53
27 66 32
27 67 9
27 68 45
27 69 60
27 70 52
27 71 15
27 72 81
27 73 78
27 74 92
27 75 96
27 76 80
27 77 55
27 78 85
27 79 58
27 80 53
27 81 79
27 82 91
27 83 20
27 84 18
27 85 24
27 86 81
27 87 79
27 88 64
27 89 59
27 90 51
27 91 19
27 92 35
27 93 98
27 94 1
27 95 32
27 96 46
27 97 30
27 98 62
27 99 2
27 100 100
27 101 10
27 102 81
27 103 87
27 104 65
27 105 20
27 106 92
27 107 27
27 108 83
27 109 93
27 110 77
27 111 20
27 112 78
27 113 29
27 114 95
27 115 78
27 116 41
27 117 61
27 118 26
27 119 60
28 29 59
28 30 18
28 31 100
28 32 87
28 33 64
28 34 87
28 35 54
28 36 28
28 37 51
28 38 61
28 39 22
28 40 5
28 41 53
28 42 0
28 43 35
28 44 31
28 45 98
28 46 54
28 47 52
28 48 53
28 49 44
28 50 53
28 51 43
28 52 37
28 53 29
28 54 4
28 55 49
28 56 95
28 57 29
28 58 59
28 59 58
28 60 79
28 61 85
28 62 57
28 63 92
28 64 60
28 65 78
28 66 51
28 67 1
28 68 86
28 69 78
28 70 40
28 71 96
28 72 81
28 73 71
28 74 47
28 75 99
28 76 69
28 77 69
28 78 0
28 79 5
28 80 50
28 81 11
28 82 62
28 83 92
28 84 44
28 85 57
28 86 74
28 87 31
28 88 7
28 89 47
28 90 8
28 91 81
28 92 72
28 93 99
28 94 49
28 95 12
28 96 23
28 97 78
28 98 10
28 99 97
28 100 98
28 101 95
28 102 44
28 103 75
28 104 0
28 105 57
28 106 78
28 107 62
28 108 20
28 109 4
28 110 12
28 111 11
28 112 40
28 113 36
28 114 77
28 115 19
28 116 98
28 117 88
28 118 64
28 119 64
29 30 37
29 31 76
29 32 82
29 33 0
29 34 75
29 35 98
29 36 74
29 37 87
29 38 34
29 39 84
29 40 75
29 41 47
29 42 5
29 43 73
29 44 15
29 45 88
29 46 7
29 47 12
29 48 77
29 49 18
29 50 25
29 51 14
29 52 12
29 53 55
29 54 20
29 55 86
29 56 53
29 57 50
29 58 14
29 59 35
29 60 98
29 61 28
29 62 40
29 63 93
29 64 51
29 65 84
29 66 10
29 67 62
29 68 39
29 69 75
29 70 13
29 71 62
29 72 24
29 73 16
29 74 83
29 75 89
29 76 79
29 77 30
29 78 3
29 79 15
29 80 42
29 81 70
29 82 100
29 83 88
29 84 18
29 85 70
29 86 38
29 87 16
29 88 2
29 89 4
29 90 21
29 91 88
29 92 27
29 93 58
29 94 27
29 95 28
29 96 20
29 97 17
29 98 32
29 99 79
29 100 81
29 101 27
29 102 45
29 103 13
29 104 6
29 105 90
29 106 66
29 107 67
29 108 47
29 109 87
29 110 57
29 111 61
29 112 74
29 113 71
29 114 73
29 115 7
29 116 17
29 117 63
29 118 20
29 119 71
30 31 83
30 32 9
30 33 43
30 34 93
30 35 75
30 36 100
30 37 84
30 38 66
30 39 40
30 40 98
30 41 49
30 42 51
30 43 68
30 44 9
30 45 98
30 46 99
30 47 34
30 48 64
30 49 38
30 50 94
30 51 80
30 52 80
30 53 17
30 54 33
30 55 0
30 56 33
30 57 17
30 58 45
30 59 44
30 60 83
30 61 24
30 62 32
30 63 98
30 64 73
30 65 85
30 66 67
30 67 30
30 68 28
30 69 44
30 70 64
30 71 94
30 72 69
30 73 19
30 74 50
30 75 32
30 76 51
30 77 26
30 78 54
30 79 2
30 80 31
30 81 97
30 82 60
30 83 5
30 84 61
30 85 59
30 86 79
30 87 30
30 88 88
30 89 96
30 90 26
30 91 43
30 92 23
30 93 39
30 94 54
30 95 54
30 96 3
30 97 23
30 98 10
30 99 58
30 100 43
30 101 9
30 102 49
30 103 21
30 104 63
30 105 22
30 106 97
30 107 40
30 108 73
30 109 68
30 110 5
30 111 58
30 112 10
30 113 89
30 114 78
30 115 45
30 116 11
30 117 17
30 118 20
30 119 78
31 32 15
31 33 71
31 34 18
31 35 13
31 36 34
31 37 35
31 38 17
31 39 63
31 40 82
31 41 19
31 42 62
31 43 71
31 44 29
31 45 83
31 46 62
31 47 96
31 48 70
31 49 57
31 50 9
31 51 67
31 52 67
31 53 60
31 54 93
31 55 99
31 56 35
31 57 83
31 58 20
31 59 75
31 60 11
31 61 7
31 62 6
31 63 80
31 64 82
31 65 3
31 66 87
31 67 59
31 68 89
31 69 93
31 70 50
31 71 39
31 72 78
31 73 44
31 74 5
31 75 44
31 76 4
31 77 89
31 78 76
31 79 75
31 80 79
31 81 95
31 82 20
31 83 22
31 84 41
31 85 89
31 86 99
31 87 51
31 88 30
31 89 52
31 90 2
31 91 40
31 92 18
31 93 39
31 94 34
31 95 58
31 96 70
31 97 39
31 98 1
31 99 98
31 100 26
31 101 73
31 102 25
31 103 98
31 104 55
31 105 17
31 106 26
31 107 12
31 108 72
31 109 28
31 110 37
31 111 6
31 112 15
31 113 7
31 114 2
31 115 90
31 116 53
31 117 17
31 118 85
31 119 46
32 33 92
32 34 79
32 35 69
32 36 82
32 37 18
32 38 22
32 39 72
32 40 30
32 41 60
32 42 5
32 43 91
32 44 22
32 45 3
32 46 35
32 47 43
32 48 76
32 49 28
32 50 20
32 51 69
32 52 45
32 53 91
32 54 90
32 55 41
32 56 88
32 57 94
32 58 29
32 59 23
32 60 98
32 61 24
32 62 88
32 63 20
32 64 54
32 65 16
32 66 44
32 67 38
32 68 24
32 69 76
32 70 52
32 71 92
32 72 68
32 73 61
32 74 2
32 75 55
32 76 62
32 77 88
32 78 44
32 79 69
32 80 48
32 81 3
32 82 75
32 83 90
32 84 90
32 85 73
32 86 48
32 87 20
32 88 51
32 89 87
32 90 14
32 91 92
32 92 66
32 93 94
32 94 3
32 95 43
32 96 41
32 97 90
32 98 69
32 99 67
32 100 32
32 101 88
32 102 59
32 103 68
32 104 54
32 105 59
32 106 94
32 107 60
32 108 66
32 109 29
32 110 41
32 111 22
32 112 72
32 113 0
32 114 2
32 115 11
32 116 57
32 117 99
32 118 7
32 119 9
33 34 62
33 35 75
33 36 82
33 37 95
33 38 69
33 39 86
33 40 87
33 41 94
33 42 37
33 43 99
33 44 8
33 45 55
33 46 86
33 47 89
33 48 10
33 49 0
33 50 59
33 51 35
33 52 46
33 53 94
33 54 99
33 55 33
33 56 74
33 57 92
33 58 18
33 59 46
33 60 99
33 61 91
33 62 18
33 63 8
33 64 41
33 65 83
33 66 62
33 67 23
33 68 31
33 69 9
33 70 14
33 71 67
33 72 69
33 73 94
33 74 46
33 75 82
33 76 58
33 77 1
33 78 62
33 79 75
33 80 43
33 81 19
33 82 89
33 83 47
33 84 43
33 85 90
33 86 89
33 87 37
33 88 75
33 89 96
33 90 24
33 91 79
33 92 36
33 93 73
33 94 17
33 95 3
33 96 34
33 97 80
33 98 95
33 99 8
33 100 100
33 101 61
33 102 53
33 103 34
33 104 15
33 105 84
33 106 43
33 107 7
33 108 30
33 109 38
33 110 74
33 111 56
33 112 79
33 113 77
33 114 56
33 115 70
33 116 72
33 117 61
33 118 96
33 119 81
34 35 97
34 36 70
34 37 55
34 38 70
34 39 20
34 40 57
34 41 68
34 42 87
34 43 72
34 44 49
34 45 35
34 46 48
34 47 13
34 48 48
34 49 73
34 50 31
34 51 16
34 52 1
34 53 44
34 54 91
34 55 50
34 56 94
34 57 29
34 58 8
34 59 49
34 60 70
34 61 69
34 62 4
34 63 92
34 64 31
34 65 47
34 66 39
34 67 63
34 68 46
34 69 7
34 70 0
34 71 60
34 72 43
34 73 41
34 74 19
34 75 36
34 76 57
34 77 66
34 78 93
34 79 26
34 80 84
34 81 87
34 82 23
34 83 72
34 84 55
34 85 46
34 86 72
34 87 60
34 88 82
34 89 9
34 90 59
34 91 13
34 92 20
34 93 1
34 94 39
34 95 10
34 96 36
34 97 51
34 98 44
34 99 92
34 100 27
34 101 84
34 102 61
34 103 20
34 104 82
34 105 95
34 106 43
34 107 56
34 108 97
34 109 54
34 110 23
34 111 49
34 112 7
34 113 32
34 114 45
34 115 55
34 116 34
34 117 3
34 118 87
34 119 96
35 36 90
35 37 6
35 38 98
35 39 74
35 40 79
35 41 0
35 42 74
35 43 33
35 44 89
35 45 70
35 46 34
35 47 97
35 48 74
35 49 16
35 50 84
35 51 1
35 52 22
35 53 28
35 54 96
35 55 77
35 56 49
35 57 27
35 58 68
35 59 54
35 60 4
35 61 77
35 62 64
35 63 11
35 64 62
35 65 97
35 66 43
35 67 3
35 68 41
35 69 62
35 70 95
35 71 5
35 72 86
35 73 28
35 74 5
35 75 84
35 76 33
35 77 18
35 78 66
35 79 14
35 80 2
35 81 52
35 82 78
35 83 68
35 84 17
35 85 83
35 86 92
35 87 24
35 88 65
35 89 47
35 90 26
35 91 65
35 92 53
35 93 20
35 94 55
35 95 59
35 96 13
35 97 29
35 98 40
35 99 28
35 100 60
35 101 13
35 102 66
35 103 39
35 104 30
35 105 45
35 106 92
35 107 52
35 108 99
35 109 19
35 110 32
35 111 86
35 112 100
35 113 56
35 114 15
35 115 69
35 116 19
35 117 82
35 118 38
35 119 25
36 37 41
36 38 19
36 39 76
36 40 96
36 41 2
36 42 33
36 43 99
36 44 86
36 45 34
36 46 74
36 47 21
36 48 71
36 49 82
36 50 72
36 51 89
36 52 80
36 53 77
36 54 34
36 55 54
36 56 24
36 57 75
36 58 16
36 59 47
36 60 82
36 61 15
36 62 48
36 63 94
36 64 14
36 65 90
36 66 31
36 67 44
36 68 30
36 69 86
36 70 65
36 71 79
36 72 43
36 73 92
36 74 70
36 75 58
36 76 96
36 77 0
36 78 27
36 79 94
36 80 56
36 81 94
36 82 32
36 83 2
36 84 83
36 85 20
36 86 6
36 87 38
36 88 61
36 89 43
36 90 21
36 91 53
36 92 93
36 93 54
36 94 92
36 95 88
36 96 32
36 97 32
36 98 48
36 99 45
36 100 89
36 101 19
36 102 39
36 103 0
36 104 74
36 105 33
36 106 41
36 107 91
36 108 71
36 109 72
36 110 26
36 111 12
36 112 98
36 113 32
36 114 10
36 115 26
36 116 1
36 117 52
36 118 55
36 119 41
37 38 57
37 39 90
37 40 24
37 41 20
37 42 83
37 43 56
37 44 88
37 45 56
37 46 27
37 47 49
37 48 53
37 49 96
37 50 51
37 51 15
37 52 11
37 53 9
37 54 67
37 55 76
37 56 70
37 57 50
37 58 77
37 59 40
37 60 20
37 61 2
37 62 37
37 63 92
37 64 11
37 65 61
37 66 16
37 67 39
37 68 7
37 69 20
37 70 20
37 71 20
37 72 71
37 73 4
37 74 66
37 75 1
37 76 81
37 77 4
37 78 23
37 79 59
37 80 78
37 81 21
37 82 78
37 83 34
37 84 62
37 85 28
37 86 66
37 87 94
37 88 28
37 89 87
37 90 84
37 91 13
37 92 72
37 93 30
37 94 14
37 95 72
37 96 62
37 97 4
37 98 13
37 99 3
37 100 57
37 101 69
37 102 87
37 103 60
37 104 73
37 105 62
37 106 65
37 107 44
37 108 0
37 109 24
37 110 75
37 111 56
37 112 94
37 113 8
37 114 12
37 115 68
37 116 57
37 117 25
37 118 39
37 119 46
38 39 15
38 40 99
38 41 27
38 42 85
38 43 97
38 44 54
38 45 25
38 46 11
38 47 49
38 48 27
38 49 63
38 50 24
38 51 62
38 52 39
38 53 89
38 54 75
38 55 2
38 56 23
38 57 90
38 58 64
38 59 7
38 60 19
38 61 17
38 62 23
38 63 22
38 64 25
38 65 86
38 66 3
38 67 25
38 68 35
38 69 91
38 70 51
38 71 3
38 72 84
38 73 98
38 74 50
38 75 68
38 76 86
38 77 13
38 78 70
38 79 7
38 80 56
38 81 5
38 82 40
38 83 46
38 84 53
38 85 27
38 86 6
38 87 41
38 88 89
38 89 57
38 90 45
38 91 15
38 92 15
38 93 35
38 94 92
38 95 89
38 96 61
38 97 41
38 98 100
38 99 44
38 100 12
38 101 79
38 102 99
38 103 55
38 104 98
38 105 90
38 106 59
38 107 44
38 108 84
38 109 54
38 110 67
38 111 32
38 112 65
38 113 10
38 114 30
38 115 10
38 116 29
38 117 25
38 118 70
38 119 54
39 40 73
39 41 89
39 42 43
39 43 6
39 44 31
39 45 38
39 46 84
39 47 66
39 48 65
39 49 4
39 50 59
39 51 0
39 52 78
39 53 39
39 54 41
39 55 0
39 56 43
39 57 92
39 58 37
39 59 87
39 60 30
39 61 98
39 62 37
39 63 65
39 64 3
39 65 84
39 66 22
39 67 46
39 68 35
39 69 13
39 70 18
39 71 0
39 72 22
39 73 91
39 74 53
39 75 19
39 76 11
39 77 56
39 78 97
39 79 6
39 80 44
39 81 10
39 82 99
39 83 8
39 84 43
39 85 16
39 86 83
39 87 39
39 88 39
39 89 95
39 90 29
39 91 3
39 92 15
39 93 15
39 94 31
39 95 74
39 96 10
39 97 46
39 98 78
39 99 55
39 100 72
39 101 47
39 102 65
39 103 49
39 104 67
39 105 49
39 106 92
39 107 49
39 108 77
39 109 25
39 110 54
39 111 64
39 112 33
39 113 70
39 114 43
39 115 95
39 116 5
39 117 63
39 118 31
39 119 94
40 41 17
40 42 63
40 43 98
40 44 80
40 45 59
40 46 56
40 47 22
40 48 23
40 49 39
40 50 12
40 51 79
40 52 4
40 53 17
40 54 58
40 55 100
40 56 32
40 57 0
40 58 67
40 59 75
40 60 96
40 61 49
40 62 53
40 63 91
40 64 57
40 65 87
40 66 41
40 67 99
40 68 81
40 69 88
40 70 60
40 71 79
40 72 28
40 73 92
40 74 86
40 75 46
40 76 77
40 77 65
40 78 11
40 79 48
40 80 85
40 81 3
40 82 100
40 83 47
40 84 44
40 85 34
40 86 22
40 87 53
40 88 33
40 89 62
40 90 22
40 91 98
40 92 24
40 93 4
40 94 83
40 95 48
40 96 77
40 97 88
40 98 21
40 99 28
40 100 59
40 101 13
40 102 4
40 103 11
40 104 41
40 105 60
40 106 64
40 107 7
40 108 16
40 109 58
40 110 86
40 111 26
40 112 76
40 113 34
40 114 100
40 115 87
40 116 93
40 117 16
40 118 33
40 119 25
41 42 96
41 43 81
41 44 40
41 45 72
41 46 13
41 47 31
41 48 47
41 49 13
41 50 8
41 51 99
41 52 9
41 53 2
41 54 41
41 55 2
41 56 10
41 57 63
41 58 2
41 59 10
41 60 28
41 61 36
41 62 91
41 63 17
41 64 63
41 65 83
41 66 99
41 67 18
41 68 61
41 69 5
41 70 24
41 71 40
41 72 73
41 73 65
41 74 41
41 75 66
41 76 76
41 77 73
41 78 13
41 79 68
41 80 38
41 81 0
41 82 90
41 83 75
41 84 2
41 85 35
41 86 57
41 87 95
41 88 67
41 89 21
41 90 46
41 91 41
41 92 17
41 93 22
41 94 53
41 95 93
41 96 2
41 97 17
41 98 45
41 99 13
41 100 46
41 101 58
41 102 93
41 103 2
41 104 66
41 105 56
41 106 74
41 107 85
41 108 51
41 109 23
41 110 57
41 111 88
41 112 43
41 113 33
41 114 39
41 115 84
41 116 68
41 117 58
41 118 22
41 119 14
42 43 57
42 44 81
42 45 62
42 46 0
42 47 11
42 48 92
42 49 89
42 50 79
42 51 6
42 52 29
42 53 69
42 54 60
42 55 24
42 56 74
42 57 3
42 58 52
42 59 70
42 60 21
42 61 44
42 62 4
42 63 89
42 64 1
42 65 91
42 66 51
42 67 88
42 68 28
42 69 43
42 70 61
42 71 95
42 72 4
42 73 69
42 74 58
42 75 61
42 76 20
42 77 19
42 78 98
42 79 17
42 80 14
42 81 20
42 82 80
42 83 66
42 84 69
42 85 12
42 86 38
42 87 96
42 88 40
42 89 75
42 90 29
42 91 47
42 92 23
42 93 42
42 94 74
42 95 83
42 96 99
42 97 6
42 98 4
42 99 91
42 100 31
42 101 14
42 102 39
42 103 48
42 104 73
42 105 29
42 106 96
42 107 57
42 108 89
42 109 39
42 110 87
42 111 14
42 112 57
42 113 27
42 114 11
42 115 82
42 116 71
42 117 100
42 118 77
42 119 42
43 44 39
43 45 91
43 46 67
43 47 18
43 48 16
43 49 48
43 50 8
43 51 97
43 52 92
43 53 63
43 54 49
43 55 77
43 56 92
43 57 31
43 58 80
43 59 99
43 60 94
43 61 42
43 62 84
43 63 80
43 64 31
43 65 40
43 66 4
43 67 63
43 68 8
43 69 41
43 70 32
43 71 81
43 72 63
43 73 91
43 74 76
43 75 68
43 76 6
43 77 91
43 78 44
43 79 87
43 80 31
43 81 42
43 82 1
43 83 43
43 84 90
43 85 40
43 86 49
43 87 50
43 88 89
43 89 20
43 90 9
43 91 48
43 92 55
43 93 54
43 94 39
43 95 4
43 96 70
43 97 50
43 98 25
43 99 3
43 100 41
43 101 88
43 102 28
43 103 100
43 104 58
43 105 35
43 106 82
43 107 30
43 108 1
43 109 79
43 110 37
43 111 47
43 112 51
43 113 88
43 114 90
43 115 61
43 116 21
43 117 94
43 118 26
43 119 99
44 45 40
44 46 53
44 47 1
44 48 81
44 49 42
44 50 74
44 51 41
44 52 98
44 53 2
44 54 46
44 55 11
44 56 36
44 57 23
44 58 46
44 59 30
44 60 14
44 61 36
44 62 87
44 63 55
44 64 6
44 65 25
44 66 72
44 67 30
44 68 67
44 69 44
44 70 7
44 71 85
44 72 18
44 73 50
44 74 36
44 75 49
44 76 47
44 77 73
44 78 13
44 79 37
44 80 50
44 81 81
44 82 87
44 83 61
44 84 96
44 85 88
44 86 54
44 87 43
44 88 42
44 89 59
44 90 77
44 91 26
44 92 18
44 93 83
44 94 62
44 95 78
44 96 14
44 97 78
44 98 53
44 99 81
44 100 44
44 101 41
44 102 42
44 103 19
44 104 69
44 105 45
44 106 23
44 107 80
44 108 58
44 109 69
44 110 48
44 111 54
44 112 13
44 113 50
44 114 95
44 115 68
44 116 25
44 117 43
44 118 50
44 119 69
45 46 90
45 47 52
45 48 75
45 49 22
45 50 48
45 51 94
45 52 0
45 53 73
45 54 37
45 55 7
45 56 76
45 57 85
45 58 69
45 59 76
45 60 92
45 61 31
45 62 72
45 63 66
45 64 20
45 65 82
45 66 12
45 67 1
45 68 13
45 69 8
45 70 78
45 71 20
45 72 28
45 73 53
45 74 73
45 75 59
45 76 19
45 77 71
45 78 24
45 79 77
45 80 53
45 81 68
45 82 28
45 83 65
45 84 61
45 85 37
45 86 28
45 87 29
45 88 41
45 89 33
45 90 14
45 91 22
45 92 6
45 93 73
45 94 98
45 95 38
45 96 64
45 97 16
45 98 11
45 99 95
45 100 31
45 101 44
45 102 61
45 103 97
45 104 57
45 105 60
45 106 31
45 107 9
45 108 21
45 109 88
45 110 14
45 111 70
45 112 48
45 113 7
45 114 35
45 115 14
45 116 3
45 117 35
45 118 46
45 119 10
46 47 5
46 48 21
46 49 78
46 50 77
46 51 15
46 52 19
46 53 25
46 54 17
46 55 47
46 56 82
46 57 65
46 58 66
46 59 60
46 60 55
46 61 78
46 62 46
46 63 3
46 64 34
46 65 90
46 66 65
46 67 50
46 68 53
46 69 25
46 70 8
46 71 83
46 72 57
46 73 20
46 74 41
46 75 30
46 76 7
46 77 93
46 78 40
46 79 57
46 80 22
46 81 10
46 82 9
46 83 51
46 84 15
46 85 15
46 86 83
46 87 57
46 88 34
46 89 80
46 90 88
46 91 90
46 92 12
46 93 31
46 94 94
46 95 33
46 96 39
46 97 80
46 98 68
46 99 28
46 100 54
46 101 7
46 102 5
46 103 3
46 104 21
46 105 50
46 106 71
46 107 16
46 108 9
46 109 76
46 110 60
46 111 78
46 112 0
46 113 79
46 114 95
46 115 56
46 116 27
46 117 85
46 118 39
46 119 57
47 48 87
47 49 76
47 50 82
47 51 39
47 52 13
47 53 17
47 54 61
47 55 8
47 56 93
47 57 8
47 58 100
47 59 82
47 60 4
47 61 5
47 62 56
47 63 55
47 64 65
47 65 38
47 66 78
47 67 91
47 68 90
47 69 32
47 70 13
47 71 82
47 72 15
47 73 89
47 74 44
47 75 44
47 76 30
47 77 0
47 78 60
47 79 59
47 80 96
47 81 40
47 82 6
47 83 30
47 84 89
47 85 0
47 86 86
47 87 49
47 88 92
47 89 15
47 90 2
47 91 32
47 92 94
47 93 24
47 94 50
47 95 54
47 96 44
47 97 71
47 98 84
47 99 25
47 100 11
47 101 63
47 102 21
47 103 93
47 104 91
47 105 0
47 106 74
47 107 4
47 108 54
47 109 76
47 110 4
47 111 1
47 112 99
47 113 20
47 114 91
47 115 17
47 116 9
47 117 56
47 118 46
47 119 44
48 49 28
48 50 38
48 51 36
48 52 15
48 53 98
48 54 65
48 55 85
48 56 52
48 57 31
48 58 95
48 59 39
48 60 49
48 61 100
48 62 48
48 63 51
48 64 69
48 65 29
48 66 39
48 67 45
48 68 25
48 69 82
48 70 38
48 71 16
48 72 99
48 73 55
48 74 72
48 75 9
48 76 60
48 77 67
48 78 65
48 79 58
48 80 40
48 81 51
48 82 65
48 83 9
48 84 23
48 85 99
48 86 67
48 87 63
48 88 74
48 89 97
48 90 78
48 91 39
48 92 68
48 93 59
48 94 18
48 95 33
48 96 71
48 97 74
48 98 93
48 99 81
48 100 66
48 101 11
48 102 80
48 103 46
48 104 1
48 105 18
48 106 59
48 107 43
48 108 65
48 109 60
48 110 82
48 111 83
48 112 9
48 113 76
48 114 65
48 115 57
48 116 94
48 117 97
48 118 83
48 119 98
49 50 43
49 51 49
49 52 86
49 53 15
49 54 10
49 55 88
49 56 44
49 57 92
49 58 3
49 59 88
49 60 94
49 61 47
49 62 65
49 63 33
49 64 73
49 65 36
49 66 42
49 67 10
49 68 8
49 69 41
49 70 58
49 71 11
49 72 68
49 73 3
49 74 8
49 75 76
49 76 77
49 77 19
49 78 0
49 79 10
49 80 32
49 81 22
49 82 94
49 83 74
49 84 89
49 85 2
49 86 95
49 87 60
49 88 89
49 89 0
49 90 14
49 91 19
49 92 2
49 93 87
49 94 70
49 95 15
49 96 24
49 97 34
49 98 91
49 99 68
49 100 19
49 101 0
49 102 64
49 103 78
49 104 24
49 105 18
49 106 58
49 107 65
49 108 40
49 109 80
49 110 42
49 111 5
49 112 18
49 113 14
49 114 21
49 115 23
49 116 67
49 117 41
49 118 79
49 119 99
50 51 75
50 52 83
50 53 67
50 54 30
50 55 93
50 56 71
50 57 22
50 58 95
50 59 62
50 60 89
50 61 17
50 62 2
50 63 62
50 64 26
50 65 43
50 66 71
50 67 60
50 68 65
50 69 89
50 70 27
50 71 34
50 72 5
50 73 86
50 74 89
50 75 47
50 76 3
50 77 88
50 78 40
50 79 39
50 80 36
50 81 90
50 82 50
50 83 6
50 84 85
50 85 9
50 86 60
50 87 57
50 88 53
50 89 4
50 90 30
50 91 75
50 92 85
50 93 77
50 94 87
50 95 23
50 96 77
50 97 96
50 98 99
50 99 74
50 100 18
50 101 76
50 102 28
50 103 63
50 104 2
50 105 50
50 106 33
50 107 93
50 108 64
50 109 78
50 110 34
50 111 74
50 112 13
50 113 12
50 114 33
50 115 3
50 116 50
50 117 59
50 118 35
50 119 97
51 52 74
51 53 95
51 54 99
51 55 34
51 56 70
51 57 17
51 58 95
51 59 35
51 60 94
51 61 34
51 62 73
51 63 20
51 64 23
51 65 24
51 66 67
51 67 19
51 68 69
51 69 62
51 70 9
51 71 60
51 72 77
51 73 32
51 74 24
51 75 30
51 76 44
51 77 41
51 78 81
51 79 71
51 80 91
51 81 3
51 82 13
51 83 45
51 84 46
51 85 62
51 86 32
51 87 16
51 88 26
51 89 27
51 90 37
51 91 44
51 92 25
51 93 45
51 94 84
51 95 94
51 96 8
51 97 76
51 98 57
51 99 91
51 100 54
51 101 36
51 102 65
51 103 74
51 104 10
51 105 30
51 106 71
51 107 93
51 108 50
51 109 18
51 110 33
51 111 75
51 112 73
51 113 54
51 114 45
51 115 68
51 116 12
51 117 30
51 118 60
51 119 78
52 53 64
52 54 92
52 55 98
52 56 38
52 57 61
52 58 47
52 59 6
52 60 13
52 61 91
52 62 62
52 63 91
52 64 31
52 65 9
52 66 65
52 67 43
52 68 71
52 69 76
52 70 12
52 71 78
52 72 0
52 73 57
52 74 99
52 75 19
52 76 2
52 77 87
52 78 23
52 79 97
52 80 48
52 81 56
52 82 62
52 83 94
52 84 0
52 85 59
52 86 60
52 87 5
52 88 41
52 89 32
52 90 0
52 91 61
52 92 92
52 93 63
52 94 3
52 95 4
52 96 89
52 97 30
52 98 33
52 99 14
52 100 39
52 101 31
52 102 29
52 103 3
52 104 95
52 105 53
52 106 89
52 107 19
52 108 36
52 109 18
52 110 64
52 111 19
52 112 15
52 113 93
52 114 10
52 115 43
52 116 95
52 117 98
52 118 53
52 119 61
53 54 68
53 55 58
53 56 8
53 57 80
53 58 84
53 59 26
53 60 95
53 61 35
53 62 71
53 63 27
53 64 81
53 65 17
53 66 20
53 67 65
53 68 90
53 69 2
53 70 27
53 71 69
53 72 100
53 73 91
53 74 20
53 75 52
53 76 33
53 77 56
53 78 5
53 79 28
53 80 31
53 81 96
53 82 97
53 83 1
53 84 33
53 85 28
53 86 33
53 87 47
53 88 71
53 89 92
53 90 20
53 91 45
53 92 44
53 93 1
53 94 3
53 95 50
53 96 71
53 97 95
53 98 30
53 99 71
53 100 76
53 101 74
53 102 3
53 103 27
53 104 11
53 105 63
53 106 89
53 107 100
53 108 58
53 109 60
53 110 15
53 111 60
53 112 19
53 113 78
53 114 62
53 115 67
53 116 23
53 117 96
53 118 28
53 119 53
54 55 85
54 56 49
54 57 33
54 58 1
54 59 36
54 60 35
54 61 69
54 62 53
54 63 80
54 64 44
54 65 96
54 66 72
54 67 69
54 68 64
54 69 91
54 70 73
54 71 21
54 72 50
54 73 34
54 74 43
54 75 12
54 76 34
54 77 63
54 78 79
54 79 55
54 80 6
54 81 56
54 82 58
54 83 64
54 84 21
54 85 2
54 86 1
54 87 44
54 88 65
54 89 68
54 90 35
54 91 70
54 92 25
54 93 1
54 94 33
54 95 61
54 96 5
54 97 3
54 98 50
54 99 98
54 100 5
54 101 12
54 102 77
54 103 11
54 104 63
54 105 62
54 106 99
54 107 47
54 108 3
54 109 80
54 110 29
54 111 86
54 112 38
54 113 36
54 114 97
54 115 38
54 116 76
54 117 51
54 118 67
54 119 2
55 56 49
55 57 53
55 58 39
55 59 46
55 60 4
55 61 71
55 62 55
55 63 50
55 64 86
55 65 90
55 66 26
55 67 88
55 68 49
55 69 30
55 70 75
55 71 42
55 72 96
55 73 93
55 74 38
55 75 56
55 76 7
55 77 35
55 78 47
55 79 45
55 80 83
55 81 25
55 82 74
55 83 84
55 84 17
55 85 40
55 86 92
55 87 79
55 88 47
55 89 91
55 90 32
55 91 55
55 92 66
55 93 50
55 94 87
55 95 61
55 96 50
55 97 74
55 98 70
55 99 94
55 100 4
55 101 37
55 102 91
55 103 13
55 104 81
55 105 29
55 106 84
55 107 37
55 108 50
55 109 39
55 110 55
55 111 2
55 112 21
55 113 32
55 114 22
55 115 0
55 116 47
55 117 90
55 118 85
55 119 75
56 57 28
56 58 54
56 59 41
56 60 61
56 61 29
56 62 11
56 63 65
56 64 25
56 65 83
56 66 13
56 67 25
56 68 9
56 69 2
56 70 85
56 71 46
56 72 94
56 73 0
56 74 77
56 75 88
56 76 1
56 77 36
56 78 72
56 79 6
56 80 93
56 81 39
56 82 71
56 83 83
56 84 50
56 85 22
56 86 4
56 87 70
56 88 91
56 89 82
56 90 92
56 91 97
56 92 69
56 93 16
56 94 88
56 95 46
56 96 9
56 97 75
56 98 20
56 99 99
56 100 80
56 101 65
56 102 14
56 103 22
56 104 3
56 105 43
56 106 24
56 107 75
56 108 48
56 109 62
56 110 40
56 111 58
56 112 100
56 113 75
56 114 99
56 115 34
56 116 55
56 117 5
56 118 98
56 119 34
57 58 26
57 59 46
57 60 80
57 61 9
57 62 37
57 63 69
57 64 49
57 65 20
57 66 58
57 67 59
57 68 32
57 69 92
57 70 15
57 71 70
57 72 15
57 73 24
57 74 97
57 75 56
57 76 63
57 77 42
57 78 42
57 79 87
57 80 26
57 81 51
57 82 100
57 83 48
57 84 5
57 85 84
57 86 21
57 87 88
57 88 70
57 89 21
57 90 2
57 91 14
57 92 12
57 93 80
57 94 62
57 95 68
57 96 75
57 97 36
57 98 86
57 99 61
57 100 90
57 101 66
57 102 51
57 103 96
57 104 18
57 105 24
57 106 83
57 107 77
57 108 29
57 109 56
57 110 26
57 111 87
57 112 12
57 113 46
57 114 39
57 115 99
57 116 2
57 117 49
57 118 14
57 119 16
58 59 68
58 60 32
58 61 48
58 62 88
58 63 12
58 64 35
58 65 96
58 66 34
58 67 94
58 68 38
58 69 6
58 70 46
58 71 76
58 72 14
58 73 43
58 74 79
58 75 17
58 76 100
58 77 36
58 78 85
58 79 97
58 80 67
58 81 38
58 82 16
58 83 31
58 84 48
58 85 25
58 86 80
58 87 96
58 88 92
58 89 57
58 90 87
58 91 41
58 92 23
58 93 37
58 94 28
58 95 98
58 96 85
58 97 83
58 98 1
58 99 53
58 100 24
58 101 45
58 102 8
58 103 1
58 104 13
58 105 36
58 106 16
58 107 30
58 108 91
58 109 35
58 110 87
58 111 10
58 112 87
58 113 32
58 114 46
58 115 92
58 116 51
58 117 32
58 118 33
58 119 7
59 60 79
59 61 79
59 62 93
59 63 22
59 64 91
59 65 80
59 66 38
59 67 15
59 68 76
59 69 14
59 70 22
59 71 5
59 72 38
59 73 45
59 74 14
59 75 97
59 76 89
59 77 8
59 78 97
59 79 96
59 80 33
59 81 88
59 82 29
59 83 82
59 84 35
59 85 15
59 86 16
59 87 100
59 88 31
59 89 6
59 90 69
59 91 8
59 92 4
59 93 51
59 94 73
59 95 36
59 96 1
59 97 32
59 98 19
59 99 65
59 100 55
59 101 46
59 102 19
59 103 46
59 104 85
59 105 51
59 106 42
59 107 26
59 108 61
59 109 28
59 110 78
59 111 24
59 112 35
59 113 63
59 114 10
59 115 8
59 116 83
59 117 59
59 118 43
59 119 57
60 61 26
60 62 36
60 63 26
60 64 59
60 65 25
60 66 20
60 67 10
60 68 14
60 69 91
60 70 8
60 71 54
60 72 24
60 73 78
60 74 34
60 75 35
60 76 47
60 77 34
60 78 49
60 79 10
60 80 38
60 81 68
60 82 10
60 83 55
60 84 33
60 85 85
60 86 80
60 87 30
60 88 22
60 89 42
60 90 64
60 91 42
60 92 27
60 93 82
60 94 33
60 95 3
60 96 25
60 97 14
60 98 100
60 99 95
60 100 5
60 101 43
60 102 59
60 103 98
60 104 10
60 105 34
60 106 47
60 107 84
60 108 96
60 109 53
60 110 63
60 111 66
60 112 27
60 113 53
60 114 79
60 115 43
60 116 15
60 117 38
60 118 17
60 119 23
61 62 80
61 63 63
61 64 28
61 65 93
61 66 71
61 67 40
61 68 50
61 69 22
61 70 92
61 71 46
61 72 17
61 73 23
61 74 98
61 75 95
61 76 48
61 77 22
61 78 35
61 79 6
61 80 76
61 81 60
61 82 31
61 83 74
61 84 81
61 85 51
61 86 99
61 87 42
61 88 74
61 89 58
61 90 47
61 91 52
61 92 43
61 93 11
61 94 9
61 95 88
61 96 48
61 97 13
61 98 92
61 99 64
61 100 15
61 101 55
61 102 100
61 103 29
61 104 80
61 105 32
61 106 71
61 107 80
61 108 31
61 109 67
61 110 49
61 111 62
61 112 100
61 113 15
61 114 81
61 115 47
61 116 84
61 117 34
61 118 79
61 119 15
62 63 98
62 64 41
62 65 2
62 66 70
62 67 56
62 68 54
62 69 57
62 70 50
62 71 57
62 72 3
62 73 7
62 74 21
62 75 83
62 76 69
62 77 11
62 78 12
62 79 0
62 80 29
62 81 20
62 82 74
62 83 3
62 84 28
62 85 98
62 86 66
62 87 10
62 88 89
62 89 71
62 90 10
62 91 2
62 92 75
62 93 4
62 94 54
62 95 12
62 96 42
62 97 3
62 98 49
62 99 85
62 100 21
62 101 94
62 102 24
62 103 90
62 104 37
62 105 13
62 106 45
62 107 67
62 108 34
62 109 32
62 110 32
62 111 87
62 112 88
62 113 84
62 114 24
62 115 89
62 116 85
62 117 89
62 118 6
62 119 65
63 64 86
63 65 31
63 66 2
63 67 10
63 68 37
63 69 83
63 70 36
63 71 71
63 72 67
63 73 55
63 74 80
63 75 58
63 76 59
63 77 69
63 78 45
63 79 73
63 80 63
63 81 74
63 82 33
63 83 81
63 84 21
63 85 51
63 86 22
63 87 87
63 88 33
63 89 42
63 90 31
63 91 92
63 92 92
63 93 47
63 94 96
63 95 90
63 96 40
63 97 6
63 98 88
63 99 88
63 100 26
63 101 74
63 102 24
63 103 54
63 104 91
63 105 21
63 106 67
63 107 26
63 108 43
63 109 34
63 110 2
63 111 39
63 112 68
63 113 61
63 114 13
63 115 50
63 116 26
63 117 12
63 118 40
63 119 71
64 65 53
64 66 24
64 67 61
64 68 42
64 69 84
64 70 27
64 71 86
64 72 93
64 73 57
64 74 77
64 75 21
64 76 73
64 77 79
64 78 82
64 79 34
64 80 7
64 81 94
64 82 84
64 83 4
64 84 56
64 85 65
64 86 89
64 87 29
64 88 73
64 89 77
64 90 76
64 91 79
64 92 16
64 93 14
64 94 66
64 95 55
64 96 11
64 97 71
64 98 94
64 99 44
64 100 94
64 101 20
64 102 90
64 103 75
64 104 16
64 105 76
64 106 69
64 107 51
64 108 99
64 109 39
64 110 51
64 111 84
64 112 37
64 113 35
64 114 47
64 115 28
64 116 44
64 117 70
64 118 66
64 119 2
65 66 63
65 67 22
65 68 30
65 69 57
65 70 29
65 71 18
65 72 97
65 73 85
65 74 35
65 75 63
65 76 74
65 77 55
65 78 75
65 79 4
65 80 87
65 81 95
65 82 94
65 83 94
65 84 46
65 85 78
65 86 57
65 87 63
65 88 84
65 89 54
65 90 3
65 91 29
65 92 2
65 93 1
65 94 3
65 95 44
65 96 15
65 97 75
65 98 81
65 99 20
65 100 19
65 101 63
65 102 89
65 103 73
65 104 4
65 105 14
65 106 28
65 107 86
65 108 33
65 109 34
65 110 86
65 111 29
65 112 20
65 113 46
65 114 64
65 115 21
65 116 9
65 117 62
65 118 17
65 119 48
66 67 78
66 68 49
66 69 2
66 70 62
66 71 74
66 72 19
66 73 65
66 74 34
66 75 96
66 76 16
66 77 58
66 78 44
66 79 11
66 80 75
66 81 100
66 82 27
66 83 80
66 84 72
66 85 45
66 86 93
66 87 52
66 88 58
66 89 90
66 90 95
66 91 85
66 92 84
66 93 48
66 94 96
66 95 88
66 96 40
66 97 42
66 98 36
66 99 9
66 100 82
66 101 68
66 102 84
66 103 70
66 104 58
66 105 62
66 106 90
66 107 68
66 108 43
66 109 55
66 110 10
66 111 27
66 112 33
66 113 57
66 114 47
66 115 31
66 116 33
66 117 71
66 118 14
66 119 28
67 68 47
67 69 82
67 70 34
67 71 55
67 72 52
67 73 44
67 74 37
67 75 59
67 76 25
67 77 61
67 78 20
67 79 8
67 80 7
67 81 10
67 82 67
67 83 27
67 84 6
67 85 65
67 86 2
67 87 37
67 88 55
67 89 6
67 90 59
67 91 95
67 92 74
67 93 54
67 94 86
67 95 74
67 96 26
67 97 11
67 98 38
67 99 90
67 100 38
67 101 58
67 102 71
67 103 27
67 104 100
67 105 23
67 106 39
67 107 46
67 108 5
67 109 8
67 110 40
67 111 59
67 112 99
67 113 10
67 114 25
67 115 12
67 116 72
67 117 42
67 118 3
67 119 17
68 69 33
68 70 82
68 71 67
68 72 20
68 73 39
68 74 41
68 75 76
68 76 8
68 77 54
68 78 77
68 79 28
68 80 87
68 81 87
68 82 0
68 83 49
68 84 14
68 85 75
68 86 44
68 87 12
68 88 17
68 89 62
68 90 93
68 91 41
68 92 31
68 93 30
68 94 22
68 95 49
68 96 77
68 97 40
68 98 35
68 99 16
68 100 86
68 101 91
68 102 3
68 103 73
68 104 3
68 105 69
68 106 6
68 107 64
68 108 57
68 109 69
68 110 69
68 111 92
68 112 77
68 113 74
68 114 41
68 115 26
68 116 65
68 117 87
68 118 48
68 119 12
69 70 99
69 71 81
69 72 60
69 73 38
69 74 84
69 75 50
69 76 88
69 77 34
69 78 91
69 79 24
69 80 58
69 81 82
69 82 50
69 83 74
69 84 0
69 85 98
69 86 57
69 87 79
69 88 40
69 89 83
69 90 54
69 91 19
69 92 18
69 93 41
69 94 18
69 95 24
69 96 41
69 97 83
69 98 73
69 99 29
69 100 96
69 101 26
69 102 36
69 103 30
69 104 11
69 105 38
69 106 28
69 107 80
69 108 94
69 109 12
69 110 43
69 111 52
69 112 36
69 113 55
69 114 18
69 115 75
69 116 61
69 117 26
69 118 88
69 119 49
70 71 22
70 72 22
70 73 86
70 74 100
70 75 53
70 76 12
70 77 48
70 78 23
70 79 98
70 80 97
70 81 87
70 82 76
70 83 38
70 84 51
70 85 66
70 86 71
70 87 5
70 88 45
70 89 55
70 90 25
70 91 85
70 92 55
70 93 15
70 94 26
70 95 61
70 96 25
70 97 91
70 98 66
70 99 9
70 100 15
70 101 13
70 102 71
70 103 81
70 104 47
70 105 5
70 106 4
70 107 88
70 108 90
70 109 2
70 110 26
70 111 61
70 112 53
70 113 56
70 114 6
70 115 35
70 116 62
70 117 47
70 118 66
70 119 76
71 72 87
71 73 25
71 74 74
71 75 49
71 76 12
71 77 17
71 78 7
71 79 17
71 80 19
71 81 27
71 82 42
71 83 93
71 84 77
71 85 86
71 86 51
71 87 85
71 88 45
71 89 23
71 90 85
71 91 99
71 92 98
71 93 69
71 94 65
71 95 11
71 96 72
71 97 40
71 98 24
71 99 95
71 100 64
71 101 67
71 102 8
71 103 89
71 104 21
71 105 47
71 106 57
71 107 86
71 108 76
71 109 18
71 110 12
71 111 33
71 112 36
71 113 8
71 114 79
71 115 19
71 116 70
71 117 11
71 118 0
71 119 9
72 73 83
72 74 3
72 75 4
72 76 99
72 77 71
72 78 62
72 79 92
72 80 19
72 81 68
72 82 7
72 83 54
72 84 77
72 85 28
72 86 46
72 87 97
72 88 58
72 89 21
72 90 94
72 91 95
72 92 3
72 93 98
72 94 64
72 95 71
72 96 62
72 97 33
72 98 47
72 99 92
72 100 98
72 101 57
72 102 36
72 103 79
72 104 17
72 105 69
72 106 28
72 107 33
72 108 78
72 109 32
72 110 79
72 111 22
72 112 66
72 113 97
72 114 98
72 115 62
72 116 80
72 117 30
72 118 3
72 119 96
73 74 19
73 75 50
73 76 69
73 77 76
73 78 6
73 79 87
73 80 65
73 81 86
73 82 72
73 83 42
73 84 41
73 85 57
73 86 49
73 87 45
73 88 2
73 89 63
73 90 69
73 91 30
73 92 12
73 93 0
73 94 41
73 95 97
73 96 23
73 97 28
73 98 62
73 99 7
73 100 49
73 101 37
73 102 54
73 103 40
73 104 6
73 105 15
73 106 8
73 107 52
73 108 83
73 109 87
73 110 5
73 111 3
73 112 7
73 113 53
73 114 3
73 115 32
73 116 18
73 117 69
73 118 78
73 119 55
74 75 52
74 76 4
74 77 14
74 78 48
74 79 97
74 80 60
74 81 73
74 82 80
74 83 44
74 84 27
74 85 51
74 86 37
74 87 49
74 88 33
74 89 14
74 90 69
74 91 92
74 92 2
74 93 51
74 94 97
74 95 36
74 96 20
74 97 5
74 98 78
74 99 85
74 100 100
74 101 38
74 102 78
74 103 24
74 104 16
74 105 1
74 106 6
74 107 78
74 108 98
74 109 21
74 110 19
74 111 70
74 112 57
74 113 81
74 114 66
74 115 95
74 116 97
74 117 19
74 118 77
74 119 49
75 76 95
75 77 22
75 78 62
75 79 88
75 80 61
75 81 80
75 82 98
75 83 30
75 84 99
75 85 72
75 86 5
75 87 8
75 88 56
75 89 5
75 90 85
75 91 52
75 92 59
75 93 56
75 94 37
75 95 9
75 96 12
75 97 55
75 98 86
75 99 57
75 100 54
75 101 74
75 102 17
75 103 11
75 104 33
75 105 45
75 106 46
75 107 76
75 108 17
75 109 74
75 110 85
75 111 34
75 112 4
75 113 44
75 114 32
75 115 83
75 116 28
75 117 83
75 118 27
75 119 60
76 77 84
76 78 57
76 79 17
76 80 55
76 81 97
76 82 92
76 83 22
76 84 39
76 85 97
76 86 42
76 87 29
76 88 36
76 89 55
76 90 74
76 91 28
76 92 6
76 93 26
76 94 66
76 95 35
76 96 12
76 97 43
76 98 73
76 99 21
76 100 15
76 101 88
76 102 73
76 103 81
76 104 92
76 105 31
76 106 42
76 107 76
76 108 28
76 109 28
76 110 71
76 111 97
76 112 49
76 113 8
76 114 23
76 115 71
76 116 5
76 117 69
76 118 44
76 119 16
77 78 55
77 79 77
77 80 24
77 81 3
77 82 78
77 83 49
77 84 45
77 85 33
77 86 66
77 87 31
77 88 45
77 89 94
77 90 95
77 91 39
77 92 39
77 93 18
77 94 19
77 95 43
77 96 82
77 97 11
77 98 42
77 99 19
77 100 78
77 101 94
77 102 68
77 103 67
77 104 60
77 105 87
77 106 64
77 107 58
77 108 63
77 109 32
77 110 59
77 111 5
77 112 69
77 113 4
77 114 80
77 115 96
77 116 29
77 117 55
77 118 19
77 119 87
78 79 76
78 80 84
78 81 69
78 82 97
78 83 70
78 84 26
78 85 69
78 86 9
78 87 92
78 88 58
78 89 29
78 90 21
78 91 22
78 92 93
78 93 63
78 94 78
78 95 72
78 96 92
78 97 79
78 98 57
78 99 12
78 100 89
78 101 2
78 102 90
78 103 91
78 104 95
78 105 77
78 106 56
78 107 25
78 108 89
78 109 41
78 110 39
78 111 3
78 112 38
78 113 83
78 114 90
78 115 59
78 116 54
78 117 1
78 118 33
78 119 75
79 80 0
79 81 64
79 82 0
79 83 76
79 84 2
79 85 98
79 86 1
79 87 85
79 88 80
79 89 54
79 90 69
79 91 36
79 92 44
79 93 14
79 94 43
79 95 38
79 96 52
79 97 99
79 98 3
79 99 82
79 100 90
79 101 12
79 102 15
79 103 93
79 104 39
79 105 34
79 106 20
79 107 57
79 108 39
79 109 71
79 110 13
79 111 61
79 112 69
79 113 23
79 114 77
79 115 44
79 116 32
79 117 65
79 118 20
79 119 81
80 81 71
80 82 58
80 83 64
80 84 45
80 85 2
80 86 49
80 87 24
80 88 68
80 89 57
80 90 75
80 91 53
80 92 8
80 93 72
80 94 54
80 95 24
80 96 23
80 97 0
80 98 56
80 99 94
80 100 82
80 101 9
80 102 72
80 103 77
80 104 87
80 105 33
80 106 53
80 107 88
80 108 35
80 109 43
80 110 72
80 111 25
80 112 16
80 113 10
80 114 93
80 115 7
80 116 0
80 117 48
80 118 16
80 119 29
81 82 11
81 83 98
81 84 29
81 85 88
81 86 43
81 87 68
81 88 40
81 89 43
81 90 26
81 91 36
81 92 4
81 93 5
81 94 40
81 95 70
81 96 42
81 97 84
81 98 14
81 99 94
81 100 64
81 101 34
81 102 96
81 103 36
81 104 71
81 105 11
81 106 40
81 107 85
81 108 78
81 109 7
81 110 31
81 111 94
81 112 90
81 113 34
81 114 86
81 115 25
81 116 18
81 117 24
81 118 99
81 119 95
82 83 15
82 84 13
82 85 30
82 86 78
82 87 80
82 88 9
82 89 17
82 90 40
82 91 53
82 92 27
82 93 91
82 94 58
82 95 13
82 96 87
82 97 81
82 98 17
82 99 29
82 100 74
82 101 38
82 102 80
82 103 98
82 104 65
82 105 78
82 106 22
82 107 53
82 108 44
82 109 80
82 110 61
82 111 65
82 112 20
82 113 87
82 114 63
82 115 42
82 116 43
82 117 70
82 118 39
82 119 34
83 84 6
83 85 86
83 86 86
83 87 71
83 88 94
83 89 9
83 90 39
83 91 74
83 92 71
83 93 81
83 94 19
83 95 3
83 96 52
83 97 60
83 98 37
83 99 41
83 100 99
83 101 63
83 102 22
83 103 70
83 104 89
83 105 12
83 106 16
83 107 94
83 108 18
83 109 2
83 110 18
83 111 50
83 112 89
83 113 45
83 114 2
83 115 13
83 116 38
83 117 59
83 118 56
83 119 35
84 85 96
84 86 35
84 87 66
84 88 15
84 89 89
84 90 95
84 91 1
84 92 54
84 93 32
84 94 76
84 95 11
84 96 16
84 97 39
84 98 83
84 99 30
84 100 55
84 101 11
84 102 87
84 103 54
84 104 93
84 105 76
84 106 86
84 107 12
84 108 39
84 109 98
84 110 29
84 111 20
84 112 34
84 113 9
84 114 13
84 115 66
84 116 14
84 117 74
84 118 82
84 119 84
85 86 34
85 87 25
85 88 98
85 89 60
85 90 83
85 91 39
85 92 89
85 93 80
85 94 37
85 95 8
85 96 37
85 97 80
85 98 38
85 99 47
85 100 83
85 101 44
85 102 3
85 103 6
85 104 74
85 105 53
85 106 27
85 107 19
85 108 95
85 109 5
85 110 73
85 111 85
85 112 39
85 113 68
85 114 56
85 115 57
85 116 55
85 117 63
85 118 100
85 119 33
86 87 33
86 88 9
86 89 10
86 90 71
86 91 84
86 92 33
86 93 63
86 94 8
86 95 80
86 96 83
86 97 54
86 98 44
86 99 82
86 100 53
86 101 1
86 102 23
86 103 78
86 104 95
86 105 29
86 106 52
86 107 5
86 108 6
86 109 4
86 110 59
86 111 92
86 112 93
86 113 28
86 114 59
86 115 88
86 116 98
86 117 11
86 118 32
86 119 3
87 88 100
87 89 65
87 90 88
87 91 2
87 92 13
87 93 99
87 94 71
87 95 82
87 96 6
87 97 46
87 98 82
87 99 94
87 100 24
87 101 29
87 102 62
87 103 9
87 104 47
87 105 63
87 106 17
87 107 83
87 108 67
87 109 85
87 110 41
87 111 52
87 112 11
87 113 72
87 114 24
87 115 57
87 116 27
87 117 13
87 118 100
87 119 52
88 89 58
88 90 30
88 91 58
88 92 4
88 93 10
88 94 35
88 95 1
88 96 49
88 97 78
88 98 27
88 99 33
88 100 10
88 101 57
88 102 71
88 103 97
88 104 52
88 105 49
88 106 34
88 107 32
88 108 40
88 109 80
88 110 90
88 111 100
88 112 14
88 113 64
88 114 71
88 115 2
88 116 34
88 117 63
88 118 69
88 119 82
89 90 54
89 91 58
89 92 61
89 93 0
89 94 16
89 95 41
89 96 34
89 97 97
89 98 53
89 99 57
89 100 51
89 101 16
89 102 79
89 103 28
89 104 3
89 105 57
89 106 93
89 107 80
89 108 58
89 109 35
89 110 29
89 111 36
89 112 0
89 113 55
89 114 56
89 115 95
89 116 96
89 117 81
89 118 54
89 119 2
90 91 100
90 92 89
90 93 77
90 94 6
90 95 16
90 96 86
90 97 48
90 98 45
90 99 9
90 100 88
90 101 0
90 102 92
90 103 8
90 104 33
90 105 51
90 106 10
90 107 45
90 108 21
90 109 70
90 110 8
90 111 23
90 112 19
90 113 81
90 114 26
90 115 76
90 116 32
90 117 73
90 118 42
90 119 21
91 92 34
91 93 19
91 94 75
91 95 66
91 96 56
91 97 57
91 98 31
91 99 88
91 100 34
91 101 60
91 102 77
91 103 72
91 104 99
91 105 87
91 106 82
91 107 34
91 108 83
91 109 87
91 110 81
91 111 7
91 112 6
91 113 86
91 114 41
91 115 91
91 116 69
91 117 88
91 118 90
91 119 67
92 93 63
92 94 81
92 95 21
92 96 52
92 97 65
92 98 66
92 99 46
92 100 23
92 101 43
92 102 34
92 103 76
92 104 28
92 105 37
92 106 97
92 107 14
92 108 88
92 109 16
92 110 11
92 111 95
92 112 98
92 113 12
92 114 14
92 115 89
92 116 53
92 117 52
92 118 41
92 119 84
93 94 40
93 95 42
93 96 78
93 97 19
93 98 69
93 99 33
93 100 2
93 101 29
93 102 90
93 103 38
93 104 60
93 105 100
93 106 19
93 107 53
93 108 33
93 109 47
93 110 62
93 111 77
93 112 77
93 113 50
93 114 38
93 115 24
93 116 47
93 117 95
93 118 62
93 119 78
94 95 44
94 96 93
94 97 64
94 98 49
94 99 29
94 100 100
94 101 88
94 102 31
94 103 14
94 104 57
94 105 16
94 106 38
94 107 19
94 108 55
94 109 49
94 110 14
94 111 59
94 112 4
94 113 73
94 114 32
94 115 10
94 116 34
94 117 53
94 118 85
94 119 31
95 96 15
95 97 85
95 98 56
95 99 37
95 100 29
95 101 85
95 102 76
95 103 67
95 104 30
95 105 53
95 106 66
95 107 40
95 108 88
95 109 30
95 110 1
95 111 75
95 112 20
95 113 9
95 114 21
95 115 2
95 116 51
95 117 100
95 118 53
95 119 97
96 97 30
96 98 16
96 99 47
96 100 53
96 101 82
96 102 62
96 103 82
96 104 78
96 105 57
96 106 52
96 107 1
96 108 5
96 109 100
96 110 35
96 111 79
96 112 92
96 113 15
96 114 47
96 115 95
96 116 98
96 117 4
96 118 41
96 119 26
97 98 86
97 99 46
97 100 100
97 101 95
97 102 5
97 103 72
97 104 79
97 105 84
97 106 80
97 107 39
97 108 63
97 109 83
97 110 47
97 111 52
97 112 77
97 113 96
97 114 97
97 115 57
97 116 84
97 117 79
97 118 47
97 119 82
98 99 11
98 100 17
98 101 56
98 102 65
98 103 31
98 104 92
98 105 100
98 106 91
98 107 42
98 108 97
98 109 53
98 110 44
98 111 57
98 112 18
98 113 10
98 114 91
98 115 43
98 116 49
98 117 14
98 118 98
98 119 29
99 100 64
99 101 15
99 102 87
99 103 44
99 104 68
99 105 89
99 106 64
99 107 43
99 108 45
99 109 51
99 110 34
99 111 5
99 112 18
99 113 59
99 114 73
99 115 66
99 116 70
99 117 46
99 118 98
99 119 20
100 101 59
100 102 29
100 103 13
100 104 87
100 105 18
100 106 39
100 107 88
100 108 15
100 109 65
100 110 72
100 111 62
100 112 11
100 113 41
100 114 53
100 115 47
100 116 99
100 117 60
100 118 18
100 119 60
101 102 61
101 103 2
101 104 75
101 105 85
101 106 44
101 107 37
101 108 14
101 109 67
101 110 44
101 111 95
101 112 80
101 113 47
101 114 9
101 115 69
101 116 93
101 117 75
101 118 51
101 119 17
102 103 68
102 104 25
102 105 77
102 106 40
102 107 23
102 108 14
102 109 99
102 110 84
102 111 26
102 112 41
102 113 97
102 114 63
102 115 32
102 116 66
102 117 85
102 118 2
102 119 6
103 104 41
103 105 61
103 106 17
103 107 23
103 108 80
103 109 51
103 110 29
103 111 97
103 112 71
103 113 97
103 114 82
103 115 56
103 116 50
103 117 9
103 118 58
103 119 52
104 105 49
104 106 44
104 107 13
104 108 92
104 109 95
104 110 14
104 111 97
104 112 51
104 113 75
104 114 63
104 115 78
104 116 75
104 117 16
104 118 1
104 119 93
105 106 75
105 107 23
105 108 18
105 109 55
105 110 100
105 111 37
105 112 81
105 113 44
105 114 68
105 115 58
105 116 5
105 117 45
105 118 82
105 119 34
106 107 79
106 108 20
106 109 0
106 110 15
106 111 16
106 112 26
106 113 88
106 114 42
106 115 54
106 116 26
106 117 46
106 118 45
106 119 89
107 108 79
107 109 92
107 110 60
107 111 15
107 112 94
107 113 100
107 114 69
107 115 18
107 116 47
107 117 27
107 118 91
107 119 86
108 109 14
108 110 57
108 111 91
108 112 25
108 113 27
108 114 9
108 115 3
108 116 70
108 117 21
108 118 91
108 119 56
109 110 60
109 111 5
109 112 25
109 113 40
109 114 99
109 115 66
109 116 72
109 117 37
109 118 76
109 119 59
110 111 32
110 112 81
110 113 60
110 114 43
110 115 2
110 116 73
110 117 45
110 118 49
110 119 91
111 112 46
111 113 24
111 114 86
111 115 47
111 116 31
111 117 27
111 118 39
111 119 67
112 113 12
112 114 4
112 115 81
112 116 58
112 117 74
112 118 39
112 119 81
113 114 9
113 115 30
113 116 51
113 117 32
113 118 71
113 119 68
114 115 74
114 116 61
114 117 6
114 118 28
114 119 30
115 116 65
115 117 83
115 118 87
115 119 50
116 117 72
116 118 22
116 119 28
117 118 27
117 119 92
118 119 51