120 10 ss 12 12 12 12 12 12 12 12 12 12 12 12 12 12 12 12 12 12 12 12
0 1 28.8444
0 2 25.318
0 3 22.8692
0 4 23.0217
0 5 22.891
0 6 25.04
0 7 27.7669
0 8 15.8114
0 9 26.1343
0 10 23.5797
0 11 26.4575
0 12 23.9792
0 13 28.4781
0 14 27.3679
0 15 27.0185
0 16 26.6083
0 17 28.5657
0 18 23.9583
0 19 21.2132
0 20 23.1948
0 21 27.1846
0 22 21.3542
0 23 21.5174
0 24 27.2029
0 25 21.095
0 26 18.6815
0 27 26.6271
0 28 27.074
0 29 27.0185
0 30 26.9444
0 31 26.1534
0 32 27.5681
0 33 27.7489
0 34 24.0416
0 35 22.383
0 36 18.8414
0 37 20.3224
0 38 22.3383
0 39 26.7208
0 40 27.7669
0 41 22.8035
0 42 27.1662
0 43 26.9815
0 44 27.7669
0 45 22.9565
0 46 27.4773
0 47 20.9284
0 48 23.3238
0 49 27.3679
0 50 23.5584
0 51 23.0868
0 52 19.9499
0 53 28.2666
0 54 28.2666
0 55 26.5707
0 56 28.5482
0 57 20.3715
0 58 28.7054
0 59 25.1197
0 60 25.1992
0 61 26.7208
0 62 23
0 63 23.0651
0 64 26.6646
0 65 27.7128
0 66 23
0 67 28.688
0 68 26.3249
0 69 21.095
0 70 28.1957
0 71 22.6495
0 72 26.9815
0 73 21.1187
0 74 23.8118
0 75 21.8174
0 76 27.6586
0 77 26.9072
0 78 24.3311
0 79 21.1424
0 80 28.6356
0 81 18.7617
0 82 18.1108
0 83 27.4226
0 84 19.5704
0 85 27.5681
0 86 23.622
0 87 28.4781
0 88 26.6083
0 89 28.2489
0 90 21.2368
0 91 22.4499
0 92 26.8887
0 93 28.1957
0 94 24.7184
0 95 27.6225
0 96 24.5764
0 97 25.6905
0 98 19.7737
0 99 22.7156
0 100 27.1109
0 101 27.6405
0 102 24.2487
0 103 21.8403
0 104 25.1595
0 105 28.7402
0 106 25.219
0 107 21.5174
0 108 30.348
0 109 27.9285
0 110 19.5448
0 111 21.2838
0 112 27.037
0 113 26.0384
0 114 28.4605
0 115 29.95
0 116 21.4942
0 117 24.3926
0 118 28.3725
0 119 23.622
1 2 13.2288
1 3 25.5539
1 4 22.5389
1 5 26.3439
1 6 17.1756
1 7 16.5227
1 8 20.5913
1 9 12.9228
1 10 18.5472
1 11 15.6205
1 12 19.7737
1 13 13
1 14 10.6301
1 15 13.7113
1 16 12.3288
1 17 12.3288
1 18 19.2873
1 19 27.2029
1 20 17.4356
1 21 16.0312
1 22 19.5959
1 23 20.4206
1 24 12.2474
1 25 20.1246
1 26 16.7033
1 27 12.8452
1 28 15
1 29 11.1355
1 30 19.5959
1 31 10.583
1 32 10.8628
1 33 14.2829
1 34 15.1658
1 35 13.8203
1 36 28.4077
1 37 25.318
1 38 26.6271
1 39 13.5647
1 40 10.247
1 41 21.9545
1 42 17.3781
1 43 19.6469
1 44 13.3041
1 45 21.7486
1 46 11.3578
1 47 23.9165
1 48 17.1464
1 49 15.3297
1 50 14.6629
1 51 17.8045
1 52 19.2873
1 53 12.6886
1 54 10.6301
1 55 15.3623
1 56 9.84886
1 57 19.3649
1 58 12.8062
1 59 20.6155
1 60 20.9523
1 61 13.5647
1 62 18.2483
1 63 20.0499
1 64 13.8203
1 65 14.4222
1 66 19.5192
1 67 9
1 68 16.7033
1 69 18.6815
1 70 11.5326
1 71 24.8395
1 72 13.784
1 73 27.3496
1 74 28.3725
1 75 21.1187
1 76 22.7376
1 77 12.5698
1 78 19.5959
1 79 19.6214
1 80 10
1 81 28.3196
1 82 23.1084
1 83 9.69536
1 84 23.6432
1 85 14.2829
1 86 21.4009
1 87 12.0416
1 88 16.1864
1 89 11.6619
1 90 25.9037
1 91 20.199
1 92 15
1 93 13.9642
1 94 17.7482
1 95 13.8203
1 96 20.5426
1 97 16.6733
1 98 17.8606
1 99 20.3961
1 100 14.3178
1 101 15.3623
1 102 17.4356
1 103 23.388
1 104 20.1742
1 105 10.9545
1 106 12.9615
1 107 17.6352
1 108 13.3041
1 109 11.6619
1 110 25.4165
1 111 21.1896
1 112 12.4499
1 113 17.6635
1 114 14.6287
1 115 10.0499
1 116 26.7208
1 117 14.5945
1 118 11.0905
1 119 25.2982
2 3 20.1494
2 4 19.3132
2 5 23.8118
2 6 15.2971
2 7 16.3707
2 8 16.5227
2 9 12.6491
2 10 14.8661
2 11 18.303
2 12 14.7648
2 13 16.6132
2 14 17.088
2 15 13.6015
2 16 16.9411
2 17 17.4069
2 18 18.3576
2 19 21.7486
2 20 18.4662
2 21 19.2873
2 22 17.9722
2 23 16.8523
2 24 19.105
2 25 12.9615
2 26 13.4164
2 27 16.6132
2 28 16.3095
2 29 17.2916
2 30 14.3875
2 31 16.2788
2 32 15.1987
2 33 18.5742
2 34 16.7631
2 35 13.8564
2 36 24.0832
2 37 24.3721
2 38 21.166
2 39 17.9165
2 40 16.6733
2 41 22.2935
2 42 18.5203
2 43 19.5192
2 44 16.5529
2 45 20.5426
2 46 16.6132
2 47 20.025
2 48 15.843
2 49 17.2047
2 50 11.225
2 51 17.9444
2 52 15.7162
2 53 18.2209
2 54 17.3205
2 55 17.9165
2 56 12.6491
2 57 17.2627
2 58 15.843
2 59 19.6977
2 60 19.8997
2 61 17.9165
2 62 18.7617
2 63 15.7162
2 64 14.6287
2 65 19
2 66 19.4936
2 67 16.3707
2 68 15.6844
2 69 18.7083
2 70 18.0555
2 71 21.3073
2 72 15.5885
2 73 22.9129
2 74 22.7596
2 75 18.8414
2 76 21.587
2 77 17
2 78 18.735
2 79 19.4936
2 80 15.6525
2 81 24.2693
2 82 20.567
2 83 16.0312
2 84 21.6795
2 85 19.0526
2 86 17.6918
2 87 16.4317
2 88 17.6918
2 89 17.4642
2 90 23.4094
2 91 18.9473
2 92 18.7617
2 93 18.3303
2 94 12.8062
2 95 19.5959
2 96 18.6279
2 97 17.4642
2 98 13.784
2 99 21.9317
2 100 16.8523
2 101 19.6214
2 102 13.7477
2 103 20.5913
2 104 17.72
2 105 18.1384
2 106 14.9332
2 107 14.8997
2 108 17.6068
2 109 17.2916
2 110 21.0476
2 111 20.3961
2 112 16.3707
2 113 12.4499
2 114 17
2 115 18.7617
2 116 26.1725
2 117 18.1659
2 118 17.2627
2 119 22.2486
3 4 21.8403
3 5 28.1957
3 6 18.2757
3 7 26.2679
3 8 19.8242
3 9 24.5357
3 10 17.8606
3 11 24.9199
3 12 19.799
3 13 26.4197
3 14 26.6833
3 15 26.6271
3 16 23.8118
3 17 24.96
3 18 22.2935
3 19 14.1067
3 20 19.105
3 21 27.6043
3 22 19.105
3 23 22.0907
3 24 26.8142
3 25 21.0713
3 26 15.8114
3 27 28.1425
3 28 23.6643
3 29 24.96
3 30 19.2094
3 31 25.318
3 32 26.7769
3 33 28.0179
3 34 25
3 35 20.9762
3 36 24.5357
3 37 24.1247
3 38 20.2978
3 39 29
3 40 24.2074
3 41 24.5967
3 42 24.9199
3 43 23.4307
3 44 27.6043
3 45 21.0713
3 46 25.8457
3 47 25.9037
3 48 25.1595
3 49 26.7208
3 50 20.0998
3 51 21.4476
3 52 18.8414
3 53 24.454
3 54 26.0384
3 55 28.3019
3 56 25.6515
3 57 25.5734
3 58 25.5539
3 59 19.4422
3 60 23.3238
3 61 29
3 62 25.6125
3 63 19.975
3 64 23.7908
3 65 25.7488
3 66 24
3 67 25.3377
3 68 23.3666
3 69 21.2132
3 70 27.3496
3 71 25.0599
3 72 25.04
3 73 21.2368
3 74 21.9089
3 75 19.0526
3 76 23.1948
3 77 26.4386
3 78 25
3 79 22.6274
3 80 25.1992
3 81 19
3 82 21.7025
3 83 26.4386
3 84 21.166
3 85 27.1109
3 86 20.2731
3 87 24.8596
3 88 22.6495
3 89 27.3679
3 90 24.6171
3 91 22.8692
3 92 27.6043
3 93 26.1151
3 94 17.0294
3 95 28.8791
3 96 19.3649
3 97 26.2869
3 98 17.088
3 99 23.516
3 100 22.5832
3 101 27.4044
3 102 17.4642
3 103 20.7364
3 104 16.6132
3 105 26.4008
3 106 23.5584
3 107 16.0624
3 108 25.923
3 109 25.9422
3 110 23.6854
3 111 20.5913
3 112 28.1069
3 113 19.8242
3 114 24.3516
3 115 24.7386
3 116 27.6225
3 117 24.3311
3 118 24.454
3 119 23.1301
4 5 27.6767
4 6 15.5242
4 7 25.7099
4 8 17.3205
4 9 21.7945
4 10 13.4164
4 11 23.5797
4 12 15
4 13 21.6564
4 14 25.04
4 15 22
4 16 19.7484
4 17 22.6716
4 18 19.5959
4 19 20.5913
4 20 21.9089
4 21 25.865
4 22 15.8114
4 23 14.5945
4 24 25.1794
4 25 21.7025
4 26 17.8606
4 27 22.6053
4 28 25.671
4 29 22.3159
4 30 20.0499
4 31 23.4521
4 32 22.4944
4 33 23.5372
4 34 21.8174
4 35 20.1742
4 36 20.9523
4 37 24.96
4 38 22.561
4 39 23.9583
4 40 23.4734
4 41 25.807
4 42 18.6548
4 43 20.0998
4 44 22.1585
4 45 23.1733
4 46 22.4277
4 47 20.9762
4 48 24.4131
4 49 24.1454
4 50 19.6723
4 51 17.8045
4 52 20.4939
4 53 21.2838
4 54 26.096
4 55 24.3721
4 56 21.6564
4 57 25.1595
4 58 21.6333
4 59 19
4 60 23.2164
4 61 23.9583
4 62 24.7588
4 63 16.8523
4 64 24.96
4 65 23.2379
4 66 24.3926
4 67 23.1733
4 68 21.6102
4 69 18.5203
4 70 22.4722
4 71 22.561
4 72 22.6274
4 73 24.9399
4 74 20.1742
4 75 19.8494
4 76 18.303
4 77 19.7484
4 78 21.587
4 79 20.0749
4 80 20
4 81 19.7484
4 82 18.7083
4 83 24.6982
4 84 18.8414
4 85 26.1151
4 86 21.2132
4 87 19.7737
4 88 23.7487
4 89 23.5372
4 90 25.7099
4 91 18.9737
4 92 25.318
4 93 26.6646
4 94 16.5831
4 95 25.5147
4 96 21.4476
4 97 22.3159
4 98 13.1529
4 99 23.5372
4 100 23.0868
4 101 26.3818
4 102 20.347
4 103 25.9422
4 104 18.6815
4 105 26.6458
4 106 23.7487
4 107 21.2368
4 108 24.5153
4 109 24
4 110 23.8328
4 111 22.6495
4 112 22.2486
4 113 17.6068
4 114 23.4947
4 115 24.1454
4 116 24.6577
4 117 23.9374
4 118 21.3776
4 119 25.5343
5 6 25.9037
5 7 25.5147
5 8 19.7484
5 9 26.0192
5 10 26.4953
5 11 28.2135
5 12 24.7992
5 13 27.6225
5 14 26.4386
5 15 23.9165
5 16 28.5657
5 17 28.6007
5 18 26.1151
5 19 26.8328
5 20 25.8457
5 21 27.1109
5 22 24.8193
5 23 23.6432
5 24 27.1293
5 25 22.561
5 26 23
5 27 25.1197
5 28 26.8514
5 29 28
5 30 26.6833
5 31 26.3059
5 32 26.2679
5 33 26.7208
5 34 25.5734
5 35 23.388
5 36 21.095
5 37 19.5192
5 38 23.516
5 39 25.0998
5 40 28.5482
5 41 24.6577
5 42 27.1293
5 43 26.9072
5 44 26.5141
5 45 21.2838
5 46 27.1477
5 47 22.6716
5 48 23.8747
5 49 27.258
5 50 23.0868
5 51 27
5 52 24.6577
5 53 29.4788
5 54 27.6948
5 55 25.807
5 56 25.593
5 57 22.4277
5 58 27.2029
5 59 25.593
5 60 20.6155
5 61 25.0998
5 62 25.632
5 63 24.2074
5 64 26.4008
5 65 28.5307
5 66 27.5862
5 67 28.3019
5 68 25.2784
5 69 24.1039
5 70 26.6646
5 71 19.9249
5 72 26.6458
5 73 23.8328
5 74 25.8263
5 75 26.4197
5 76 24.96
5 77 26.7208
5 78 27.1662
5 79 24.6779
5 80 27.6405
5 81 23.9165
5 82 23.2809
5 83 26.3818
5 84 24.3516
5 85 27.313
5 86 26.4197
5 87 28.8271
5 88 29.5973
5 89 26.9444
5 90 21.1424
5 91 26.8328
5 92 26.5141
5 93 28.3019
5 94 25.4362
5 95 26.3249
5 96 25.6125
5 97 26.2679
5 98 25.1595
5 99 21.0713
5 100 27.8747
5 101 27.5318
5 102 25.1794
5 103 20.3715
5 104 28.3725
5 105 28.1069
5 106 26.1534
5 107 25.671
5 108 28.7924
5 109 27.4955
5 110 22.4054
5 111 25.593
5 112 25.3969
5 113 27.8209
5 114 29.1548
5 115 30.348
5 116 23.6643
5 117 29.0689
5 118 29.2746
5 119 22.6274
6 7 20.6398
6 8 15.1327
6 9 18.1659
6 10 13.6748
6 11 20.7123
6 12 12.8841
6 13 16.7332
6 14 19.6469
6 15 18.735
6 16 18.1934
6 17 17.2916
6 18 18.9473
6 19 19.975
6 20 18.3576
6 21 20.6882
6 22 13.6015
6 23 16.0624
6 24 21.2368
6 25 18.4932
6 26 13.4907
6 27 20.5426
6 28 22.4944
6 29 20.9045
6 30 15.6525
6 31 19.6214
6 32 19.5192
6 33 20.664
6 34 18.6279
6 35 16.8523
6 36 23.9583
6 37 24.2487
6 38 23.7065
6 39 21.5174
6 40 20.2978
6 41 23.8956
6 42 17
6 43 15.1987
6 44 20.2485
6 45 17.4929
6 46 19.7484
6 47 22.0227
6 48 21.2368
6 49 19.799
6 50 15.8114
6 51 16.7332
6 52 17.4642
6 53 20.2978
6 54 19.4936
6 55 21.0476
6 56 17.72
6 57 22.1811
6 58 19.3132
6 59 16.9706
6 60 18.4932
6 61 21.5174
6 62 22.6274
6 63 13.1529
6 64 20.3961
6 65 21
6 66 22.3159
6 67 19.8997
6 68 16.4317
6 69 17.0294
6 70 18.7617
6 71 21.4009
6 72 19.7231
6 73 21.7945
6 74 21.6333
6 75 17.8045
6 76 17.3781
6 77 19.8746
6 78 21.0476
6 79 17.2047
6 80 17.9722
6 81 20.567
6 82 15.843
6 83 19.4679
6 84 19.8494
6 85 20.2731
6 86 18.303
6 87 18.6548
6 88 19.8242
6 89 20.1742
6 90 25.1794
6 91 19.0526
6 92 20.4939
6 93 19.7484
6 94 13.2665
6 95 21.6795
6 96 15.5242
6 97 19.8242
6 98 13.0384
6 99 21.5174
6 100 18.7083
6 101 20.6155
6 102 15.1987
6 103 19.5959
6 104 15.9374
6 105 19.975
6 106 19.9249
6 107 16.5529
6 108 21.5407
6 109 19.3132
6 110 23.0434
6 111 18.1659
6 112 20.5426
6 113 16.8226
6 114 18.0278
6 115 19.6469
6 116 24.7992
6 117 21.6795
6 118 19.5448
6 119 23.6432
7 8 20.3224
7 9 13.0384
7 10 21.6102
7 11 21.9773
7 12 21.2603
7 13 19.3391
7 14 19.2873
7 15 14.2478
7 16 17.1756
7 17 16.9411
7 18 18.7883
7 19 23.3024
7 20 17.5214
7 21 21.3073
7 22 24.5967
7 23 19.8997
7 24 19.3649
7 25 22.5832
7 26 19.1833
7 27 20
7 28 14.8324
7 29 22.2036
7 30 17.6918
7 31 20.1246
7 32 19.5192
7 33 17.7482
7 34 14.5258
7 35 13.4907
7 36 27.0185
7 37 26.3059
7 38 27.2029
7 39 20.9523
7 40 20.2978
7 41 26.096
7 42 14.5945
7 43 17.5214
7 44 19.0788
7 45 24.2074
7 46 17.9444
7 47 23.6854
7 48 12.0416
7 49 21.587
7 50 16
7 51 20.0499
7 52 18.7883
7 53 19.3391
7 54 19.8494
7 55 22.3383
7 56 16.3707
7 57 15.2315
7 58 18.8944
7 59 24.2487
7 60 22.5832
7 61 20.9523
7 62 13.5647
7 63 18.7883
7 64 15.6844
7 65 18.5742
7 66 12.5698
7 67 18.7083
7 68 11.9164
7 69 22.4499
7 70 17.2047
7 71 23.622
7 72 20.8087
7 73 24.6374
7 74 27.6767
7 75 20.2237
7 76 22.1811
7 77 18.9473
7 78 22.7816
7 79 21.7715
7 80 16.3401
7 81 26.096
7 82 23.6854
7 83 20.1742
7 84 24
7 85 19.975
7 86 23.2164
7 87 19.6977
7 88 17.5214
7 89 17.2916
7 90 23.5372
7 91 23.516
7 92 20.6398
7 93 21.2603
7 94 17.8885
7 95 19.3907
7 96 25.4362
7 97 8.88819
7 98 21.1187
7 99 24.7184
7 100 14.5602
7 101 20.4206
7 102 16.4621
7 103 23.622
7 104 23.7065
7 105 19.5704
7 106 14.7986
7 107 18.0555
7 108 17.4929
7 109 17.5214
7 110 23.1733
7 111 20.5913
7 112 19.5959
7 113 19.7737
7 114 13.0767
7 115 20.5426
7 116 26.4764
7 117 20.3961
7 118 21.7256
7 119 22.3383
8 9 19.6214
8 10 17.5499
8 11 19.3391
8 12 18.1384
8 13 19.2614
8 14 19.105
8 15 17.8885
8 16 20.445
8 17 19.799
8 18 18.868
8 19 19.7484
8 20 20.6882
8 21 18.303
8 22 17.1464
8 23 13.8203
8 24 19.799
8 25 14.9332
8 26 15.7162
8 27 18.8944
8 28 21.5174
8 29 21.3073
8 30 20.445
8 31 18.6548
8 32 20.0998
8 33 19.6469
8 34 17.2627
8 35 15.843
8 36 20.567
8 37 21.3776
8 38 21.9317
8 39 19.0263
8 40 21.5639
8 41 21.1187
8 42 20.8806
8 43 19.5448
8 44 20.2731
8 45 13.6015
8 46 20.2237
8 47 18.9209
8 48 17.0294
8 49 19
8 50 16.6433
8 51 20.1246
8 52 18.0555
8 53 22.2036
8 54 20.0749
8 55 18.3848
8 56 19.5192
8 57 16.9411
8 58 20.6398
8 59 20.4206
8 60 20.1246
8 61 19.0263
8 62 18.1384
8 63 15.6205
8 64 19.5192
8 65 20.7846
8 66 19.4679
8 67 22.1133
8 68 19.8746
8 69 18.412
8 70 19.4679
8 71 19.8746
8 72 19.0263
8 73 18.5472
8 74 21.9317
8 75 18.6011
8 76 20.4695
8 77 20.0499
8 78 19.8997
8 79 18.6279
8 80 20.9762
8 81 17.6068
8 82 16.1864
8 83 19.4936
8 84 15.7797
8 85 18.7617
8 86 17.8326
8 87 21.7486
8 88 21.9089
8 89 20.5426
8 90 20.9523
8 91 18.9209
8 92 18.0831
8 93 19.5704
8 94 16.9411
8 95 19.5704
8 96 18.6011
8 97 19.2873
8 98 13.9642
8 99 22.3159
8 100 19.8242
8 101 18.7617
8 102 17.6068
8 103 20.3224
8 104 20.7605
8 105 20.6398
8 106 20.1494
8 107 16.4012
8 108 23.0434
8 109 19.8494
8 110 18.2757
8 111 17.8606
8 112 19.5704
8 113 19.5448
8 114 21.166
8 115 23.2164
8 116 20.2485
8 117 21.3776
8 118 22.2486
8 119 21.6795
9 10 19.9249
9 11 17.2916
9 12 19.6977
9 13 16
9 14 17.8885
9 15 12.6095
9 16 12.2882
9 17 15.5242
9 18 17.5214
9 19 22.6936
9 20 16.0935
9 21 19.799
9 22 20.3715
9 23 19.9499
9 24 19.1572
9 25 19.1833
9 26 17.4929
9 27 16.6132
9 28 14.8324
9 29 16.9411
9 30 18.5203
9 31 16.5831
9 32 14.7309
9 33 17.2337
9 34 14.3875
9 35 14.4222
9 36 23.8747
9 37 22.6274
9 38 22.2711
9 39 18.6815
9 40 15.6205
9 41 23.4307
9 42 14.8661
9 43 18.0831
9 44 15.0997
9 45 24.4949
9 46 14.8997
9 47 19.3649
9 48 13.4536
9 49 17.088
9 50 14.6969
9 51 15.2315
9 52 15.6525
9 53 15.2971
9 54 18.2209
9 55 18.7883
9 56 10.4881
9 57 14.6287
9 58 13.7477
9 59 23.1948
9 60 20
9 61 18.6815
9 62 14.8997
9 63 18.0831
9 64 10.0995
9 65 16.6433
9 66 14.6969
9 67 15.0333
9 68 13.1909
9 69 17.3781
9 70 17.4356
9 71 20.5913
9 72 14.5945
9 73 24.1868
9 74 24
9 75 18.6815
9 76 23.1517
9 77 14.8661
9 78 15.2643
9 79 18.0555
9 80 12.53
9 81 24.0624
9 82 23.1301
9 83 17.1756
9 84 20.199
9 85 19.5192
9 86 21.9773
9 87 13.7113
9 88 10.9087
9 89 16.2788
9 90 23.7908
9 91 19.0526
9 92 19.2873
9 93 19.1311
9 94 17.6635
9 95 19.9499
9 96 21.9773
9 97 11.8743
9 98 18.4932
9 99 20.9045
9 100 15.6205
9 101 20.025
9 102 13.8924
9 103 22.1811
9 104 19.9499
9 105 18.8944
9 106 13.9642
9 107 17.2627
9 108 14.6287
9 109 16.2173
9 110 22.7816
9 111 21.9089
9 112 15.9374
9 113 16.9411
9 114 10.1489
9 115 18.2209
9 116 27.4408
9 117 13.4907
9 118 16.1864
9 119 22.4722
10 11 20.2978
10 12 11.619
10 13 17.8606
10 14 20.5183
10 15 19.1311
10 16 17.8885
10 17 20
10 18 14.1421
10 19 19.3391
10 20 16.1864
10 21 21.8861
10 22 15.5563
10 23 16.8226
10 24 21.4476
10 25 18.3576
10 26 13.4536
10 27 19.8242
10 28 20.567
10 29 17.7764
10 30 18.1659
10 31 18.9737
10 32 19.4936
10 33 22.0907
10 34 16.7929
10 35 12.6886
10 36 24.2693
10 37 25.5147
10 38 22.5167
10 39 20.4939
10 40 19.7737
10 41 25.1794
10 42 18.4932
10 43 18.6548
10 44 20.6155
10 45 23.0868
10 46 20.3715
10 47 24.4131
10 48 19.4936
10 49 20.6155
10 50 14.4568
10 51 13.3041
10 52 18
10 53 19.5704
10 54 21.0476
10 55 20.3961
10 56 19.6723
10 57 20.1246
10 58 19.4422
10 59 16.2173
10 60 21.2368
10 61 20.4939
10 62 21.9317
10 63 14.3527
10 64 22.1585
10 65 21.8632
10 66 20.567
10 67 20.1742
10 68 16.0935
10 69 20.2731
10 70 19.4165
10 71 21.4243
10 72 19.4422
10 73 21.8174
10 74 22.2036
10 75 18.6548
10 76 19.1572
10 77 18.3303
10 78 20.7846
10 79 15.7162
10 80 18.6011
10 81 22.2711
10 82 15.8745
10 83 19.6977
10 84 19.1572
10 85 22
10 86 12.5698
10 87 17.6352
10 88 22.4499
10 89 21.5407
10 90 24.6779
10 91 18
10 92 21.4243
10 93 21.6564
10 94 13.4536
10 95 22.2935
10 96 15.748
10 97 20.7364
10 98 11
10 99 22.2261
10 100 17.1172
10 101 22.4054
10 102 15.0997
10 103 22.8692
10 104 17.6918
10 105 21.8174
10 106 15.6844
10 107 14.5945
10 108 23.4734
10 109 21.2603
10 110 23.4094
10 111 16.4621
10 112 19.9249
10 113 17.2627
10 114 21.5407
10 115 19.1572
10 116 25.9615
10 117 21.095
10 118 16.9411
10 119 24
11 12 25.318
11 13 12.6886
11 14 11.9583
11 15 12.8841
11 16 13.4164
11 17 10.7703
11 18 15.5563
11 19 25.1794
11 20 18.2209
11 21 9.64365
11 22 22.0454
11 23 23.1301
11 24 12.8062
11 25 18.9473
11 26 19.1572
11 27 11.7898
11 28 16.8226
11 29 11.9164
11 30 24.454
11 31 8.12404
11 32 11.4018
11 33 12.49
11 34 16.7332
11 35 16.4012
11 36 29.1719
11 37 26.2869
11 38 25.5147
11 39 13.5647
11 40 10.1489
11 41 24.1661
11 42 21.8174
11 43 18.8149
11 44 11.7898
11 45 21.7486
11 46 10.4403
11 47 25.8844
11 48 15.2315
11 49 7.28011
11 50 19.2094
11 51 19.2094
11 52 22.8473
11 53 11.8743
11 54 12.2066
11 55 10.3923
11 56 12.6095
11 57 18.4662
11 58 14.0712
11 59 23.6008
11 60 21.0476
11 61 13.5647
11 62 17.2337
11 63 22.0454
11 64 13.7477
11 65 9.89949
11 66 18.3576
11 67 13.3041
11 68 23.2594
11 69 19.7231
11 70 15.843
11 71 23.0434
11 72 7.61577
11 73 25.5734
11 74 27.074
11 75 20.3961
11 76 24.9199
11 77 11.8322
11 78 15.4919
11 79 20.4695
11 80 13.7113
11 81 26.5707
11 82 25.7682
11 83 11.8322
11 84 18.4662
11 85 10.9545
11 86 17.3781
11 87 12.2882
11 88 17.4356
11 89 13.5647
11 90 28.3019
11 91 17.3205
11 92 10.0499
11 93 9.94987
11 94 19.4679
11 95 14.7986
11 96 16.7929
11 97 19.1833
11 98 19.7231
11 99 22.2261
11 100 14.1774
11 101 10.8628
11 102 16.7929
11 103 26.2488
11 104 19.4165
11 105 13.5647
11 106 18.1108
11 107 20.2237
11 108 15.906
11 109 10.7703
11 110 25.7682
11 111 19.105
11 112 12.4499
11 113 21.6333
11 114 18.1108
11 115 16.8819
11 116 29.189
11 117 16.1555
11 118 13.6748
11 119 27.8209
12 13 21.9545
12 14 24
12 15 20.3715
12 16 21.9773
12 17 23.1301
12 18 19
12 19 20.4695
12 20 17.2337
12 21 26.4197
12 22 17.1172
12 23 14.8324
12 24 25.7488
12 25 19.6977
12 26 13.784
12 27 23.2379
12 28 22.3159
12 29 23.2164
12 30 14.6629
12 31 23.4734
12 32 21.6102
12 33 24.7992
12 34 21.7025
12 35 17.4929
12 36 24.1661
12 37 26.3059
12 38 23.9583
12 39 24.5561
12 40 22.9783
12 41 25.632
12 42 18.6815
12 43 19.975
12 44 22.6274
12 45 23.6643
12 46 22.891
12 47 23.8956
12 48 22.0681
12 49 24.1661
12 50 14.3527
12 51 16.1864
12 52 15.7162
12 53 23.3666
12 54 24.1247
12 55 24.96
12 56 20.6882
12 57 21.9089
12 58 22.7816
12 59 20.6882
12 60 22.8473
12 61 24.5561
12 62 25.0599
12 63 13.3791
12 64 23.6643
12 65 25.1595
12 66 23.8747
12 67 22.0454
12 68 15.8745
12 69 18.5472
12 70 23.7065
12 71 20.9284
12 72 23.516
12 73 23.516
12 74 22.9347
12 75 20.9045
12 76 21.4009
12 77 22.5167
12 78 23.6008
12 79 18.1659
12 80 21.0476
12 81 21.6564
12 82 16.1555
12 83 22.9565
12 84 23.0217
12 85 26.0576
12 86 18.5203
12 87 21.166
12 88 23.0868
12 89 23.4734
12 90 24.7386
12 91 22.6936
12 92 25.8844
12 93 25.3772
12 94 16.0624
12 95 26.0768
12 96 20.3224
12 97 21.9773
12 98 11.3137
12 99 23.0434
12 100 21.4009
12 101 26.6271
12 102 18.303
12 103 22.5389
12 104 18.7617
12 105 24.7184
12 106 18.8944
12 107 17.2627
12 108 24.5357
12 109 23.7697
12 110 23.388
12 111 20.2978
12 112 22.7156
12 113 16.4012
12 114 22.7816
12 115 23.5372
12 116 25.5147
12 117 24.1661
12 118 22.1359
12 119 23.8118
13 14 12.8841
13 15 12.2066
13 16 11.7898
13 17 9.43398
13 18 17.5784
13 19 26.7021
13 20 20.5183
13 21 11.8322
13 22 21.1424
13 23 22.2711
13 24 15.2643
13 25 19.0788
13 26 18.6011
13 27 11.7473
13 28 21.3073
13 29 14.3875
13 30 23.4307
13 31 12.1244
13 32 12.2882
13 33 13.4536
13 34 12.2882
13 35 14.4222
13 36 30.0333
13 37 27.1293
13 38 28.5657
13 39 13
13 40 15.5563
13 41 25.1595
13 42 19.8242
13 43 16.4012
13 44 12.7279
13 45 20.3961
13 46 13.5647
13 47 25.632
13 48 16.5227
13 49 10.583
13 50 19.5959
13 51 18.6548
13 52 21.5639
13 53 14.7648
13 54 13.8564
13 55 11.1803
13 56 12.5698
13 57 19.5959
13 58 13.8203
13 59 23.0217
13 60 18.5472
13 61 13
13 62 20.1494
13 63 21.6564
13 64 18.2757
13 65 15.1987
13 66 20.0499
13 67 15.5563
13 68 18.868
13 69 18.5472
13 70 10.583
13 71 24.6577
13 72 12.6886
13 73 27.5136
13 74 27.0185
13 75 22.8692
13 76 22.1811
13 77 11.2694
13 78 20.3715
13 79 19.6977
13 80 11.7898
13 81 27.6225
13 82 22.1133
13 83 12.6886
13 84 21.0238
13 85 12.8452
13 86 18.9473
13 87 11.0454
13 88 21.1424
13 89 14.3178
13 90 28.5307
13 91 20.3224
13 92 11.6619
13 93 12.8841
13 94 19.7484
13 95 14.7648
13 96 19.105
13 97 16.3401
13 98 19.6469
13 99 24.7184
13 100 14.1421
13 101 12.9228
13 102 18.4662
13 103 26.3439
13 104 21.4942
13 105 15
13 106 16.0312
13 107 21.0713
13 108 19.6469
13 109 13.3041
13 110 24.8797
13 111 19.6977
13 112 12.4097
13 113 21.2368
13 114 14.6629
13 115 15.2971
13 116 28.1603
13 117 19.4422
13 118 12.8062
13 119 27.9464
14 15 14.3875
14 16 15.3297
14 17 11.1803
14 18 17.6918
14 19 28.7576
14 20 19.8746
14 21 7.87401
14 22 22.2935
14 23 23.3238
14 24 5.74456
14 25 18.3303
14 26 18.1659
14 27 8.48528
14 28 18.2757
14 29 12.6886
14 30 23.6008
14 31 5.19615
14 32 9.32738
14 33 9.53939
14 34 15.5885
14 35 14
14 36 30.4959
14 37 26.3059
14 38 28.3901
14 39 7.68115
14 40 10.6771
14 41 23.8537
14 42 20.3715
14 43 21
14 44 11.4018
14 45 20.2978
14 46 9.59166
14 47 25.865
14 48 14.7309
14 49 10.6771
14 50 16.9115
14 51 20.445
14 52 21.8861
14 53 15.0997
14 54 3.74166
14 55 9.11043
14 56 14.6969
14 57 17.7764
14 58 17.8045
14 59 22.3607
14 60 21.6795
14 61 7.68115
14 62 17.088
14 63 23.4307
14 64 16.3707
14 65 12.0416
14 66 19.1833
14 67 10.7703
14 68 20.7364
14 69 22.0907
14 70 11.4018
14 71 25.2982
14 72 14.5258
14 73 26.096
14 74 29.9666
14 75 21.4709
14 76 23.5372
14 77 13.2288
14 78 20.2731
14 79 19.3391
14 80 14.7309
14 81 28.8617
14 82 24.2281
14 83 3.60555
14 84 23.4094
14 85 5.38516
14 86 18.5742
14 87 15.8114
14 88 18.6815
14 89 8.66025
14 90 27.1293
14 91 18.412
14 92 6.48074
14 93 7.07107
14 94 19.3907
14 95 6.16441
14 96 18.9473
14 97 17.7482
14 98 19.5448
14 99 22.0227
14 100 16.6733
14 101 6.7082
14 102 20.1246
14 103 24.4131
14 104 22.5389
14 105 4.3589
14 106 15.1327
14 107 20.2978
14 108 17.9444
14 109 7.4162
14 110 25.9422
14 111 19.1833
14 112 9.48683
14 113 22.383
14 114 17.8606
14 115 14.5602
14 116 28.5132
14 117 15.3623
14 118 15.3623
14 119 27.4773
15 16 14.9666
15 17 11.9164
15 18 14.4222
15 19 24.0416
15 20 17.8885
15 21 13.8924
15 22 22.6716
15 23 18.9473
15 24 16.4317
15 25 18.412
15 26 17.9722
15 27 11.619
15 28 15.3297
15 29 17.0294
15 30 19.4936
15 31 13.4164
15 32 10.9545
15 33 11.8322
15 34 15.2315
15 35 14.5258
15 36 26.6271
15 37 26.9629
15 38 25.4755
15 39 14.2829
15 40 14.9332
15 41 25.3377
15 42 16.6132
15 43 15.0997
15 44 10.0499
15 45 21.7486
15 46 11.5326
15 47 23.5372
15 48 11.1355
15 49 10.8167
15 50 15.3948
15 51 18.412
15 52 21.1187
15 53 15.0665
15 54 15.3948
15 55 13.1149
15 56 8.18535
15 57 15.3948
15 58 13.6382
15 59 24.3926
15 60 20.6155
15 61 14.2829
15 62 16.2788
15 63 18.1108
15 64 13.6015
15 65 13.1909
15 66 17.3494
15 67 14.5258
15 68 17.0587
15 69 18.7883
15 70 15.3297
15 71 20.7123
15 72 11.4891
15 73 24.8596
15 74 26.4008
15 75 20.9284
15 76 21.4709
15 77 12.3288
15 78 17.088
15 79 20.1742
15 80 12.083
15 81 26.1534
15 82 22.9347
15 83 14.2127
15 84 21.0476
15 85 14.6287
15 86 18.1108
15 87 13.2288
15 88 18.2209
15 89 12.6491
15 90 27.55
15 91 19.7484
15 92 13.6015
15 93 14.8661
15 94 17.1756
15 95 15.906
15 96 19.6469
15 97 13.6382
15 98 19.3649
15 99 24.1247
15 100 13.8203
15 101 14.7648
15 102 15.5563
15 103 24.7184
15 104 21
15 105 16.3707
15 106 16.3095
15 107 20.8567
15 108 15.1327
15 109 12.2474
15 110 22.7596
15 111 19.975
15 112 11.3578
15 113 19.0263
15 114 15.9374
15 115 19.9249
15 116 28.0357
15 117 19.9249
15 118 17.2916
15 119 25.923
16 17 10.2956
16 18 17.088
16 19 23.622
16 20 15.4272
16 21 17.1756
16 22 19.3391
16 23 21.6564
16 24 14.4222
16 25 20.3715
16 26 17
16 27 14.3875
16 28 16.8226
16 29 11.1355
16 30 21.3542
16 31 13.1149
16 32 13.6382
16 33 13.784
16 34 12.4097
16 35 13.2288
16 36 26.7021
16 37 23
16 38 25.7876
16 39 16.0624
16 40 11.9583
16 41 23.1517
16 42 16.8523
16 43 16.6733
16 44 13.3791
16 45 22.4277
16 46 11.3578
16 47 22.7596
16 48 16.0624
16 49 15.9687
16 50 19.1572
16 51 16.4621
16 52 18.0555
16 53 7
16 54 16.2173
16 55 16.9115
16 56 12.4499
16 57 19
16 58 11.4891
16 59 20.8567
16 60 18.8414
16 61 16.0624
16 62 16.2788
16 63 19.7484
16 64 14.3875
16 65 11.4018
16 66 15.1327
16 67 11.8743
16 68 17.9722
16 69 16.7631
16 70 11.2694
16 71 23.388
16 72 13.4907
16 73 27.4226
16 74 25.3969
16 75 18.0555
16 76 21.7945
16 77 7.87401
16 78 18.4932
16 79 19.2094
16 80 6.32456
16 81 25.219
16 82 23.4947
16 83 15.4919
16 84 18.7883
16 85 16.5529
16 86 22.1359
16 87 6.85565
16 88 14.9666
16 89 13.3417
16 90 24.96
16 91 17.4356
16 92 16.4621
16 93 17.3494
16 94 17.8045
16 95 16.2788
16 96 20.3961
16 97 12.7279
16 98 17.2916
16 99 19.799
16 100 12.2882
16 101 17.0294
16 102 15.3623
16 103 25.8263
16 104 17.2337
16 105 16.5529
16 106 14.2127
16 107 17.2916
16 108 14.0357
16 109 13.1149
16 110 26
16 111 19.6214
16 112 13.8924
16 113 18.4391
16 114 9.48683
16 115 11.5326
16 116 26.1916
16 117 13.6748
16 118 9
16 119 24.4949
17 18 17.3205
17 19 24.98
17 20 18
17 21 11.5326
17 22 21.3073
17 23 21.4709
17 24 11.9164
17 25 20.6155
17 26 17.3494
17 27 12.8452
17 28 17.6918
17 29 15.0333
17 30 20.445
17 31 11.1355
17 32 11.5758
17 33 9.05539
17 34 14.8997
17 35 15.5242
17 36 30.05
17 37 26.3629
17 38 28.2312
17 39 14.7648
17 40 11.5326
17 41 24.2899
17 42 17.5499
17 43 14.4222
17 44 10.9087
17 45 19.4165
17 46 8.544
17 47 25.3772
17 48 15.4272
17 49 11.0905
17 50 19.105
17 51 19.5704
17 52 21.0713
17 53 10.3441
17 54 11.1803
17 55 14.2127
17 56 11.9583
17 57 20.1246
17 58 14.6969
17 59 22.4277
17 60 19.4165
17 61 14.7648
17 62 17.2916
17 63 21.166
17 64 15.5242
17 65 8.12404
17 66 16.9411
17 67 11.0905
17 68 20.025
17 69 17.5784
17 70 11.3578
17 71 24.3516
17 72 13.4907
17 73 26.9815
17 74 26.7769
17 75 19.799
17 76 20.7605
17 77 11.1355
17 78 20.2978
17 79 21.4243
17 80 9.27362
17 81 26.1534
17 82 24.6171
17 83 12.4097
17 84 20.8567
17 85 10.3923
17 86 20.4939
17 87 10.8167
17 88 16.7332
17 89 9.48683
17 90 27.4044
17 91 19.3391
17 92 11.3578
17 93 11
17 94 17.6352
17 95 13
17 96 20
17 97 13.784
17 98 19
17 99 22.7156
17 100 11.8743
17 101 10.6771
17 102 17.4929
17 103 25.4755
17 104 18.4662
17 105 11.4018
17 106 17.0294
17 107 20.4206
17 108 14.4568
17 109 6.9282
17 110 25.1396
17 111 18.5203
17 112 12.6886
17 113 19.2354
17 114 12.1655
17 115 14.2478
17 116 27.7489
17 117 17.5784
17 118 14.2478
17 119 26.2679
18 19 20.7364
18 20 13.784
18 21 17.5784
18 22 22.1359
18 23 20.7605
18 24 18.6011
18 25 20.2731
18 26 17.8606
18 27 15.5242
18 28 17.9165
18 29 17.8885
18 30 21.9545
18 31 15.9374
18 32 15.4919
18 33 16.6733
18 34 16.7929
18 35 11.7898
18 36 25.0799
18 37 26.8142
18 38 22.6936
18 39 17.1464
18 40 17.1172
18 41 27.3496
18 42 15.9374
18 43 17.8885
18 44 15.3297
18 45 25.9422
18 46 15.7162
18 47 25.4951
18 48 12.1655
18 49 15.6525
18 50 14.3875
18 51 13.3791
18 52 20.5426
18 53 17.5784
18 54 18.6815
18 55 16.4317
18 56 17.6918
18 57 15.0665
18 58 19.6977
18 59 21.8403
18 60 21.8403
18 61 17.1464
18 62 17.4642
18 63 18.7617
18 64 18.2483
18 65 16.6733
18 66 16.4621
18 67 17.6918
18 68 15.6525
18 69 22.383
18 70 19.5192
18 71 19.975
18 72 16.8523
18 73 20.6398
18 74 25
18 75 19.1833
18 76 21.1424
18 77 15.6844
18 78 16.7332
18 79 14.3875
18 80 17.6068
18 81 23.3238
18 82 20.0499
18 83 17.3781
18 84 18.6279
18 85 18.2209
18 86 11.0454
18 87 16.8819
18 88 18.4391
18 89 17.1464
18 90 27.258
18 91 17.4356
18 92 17.2337
18 93 18.4662
18 94 16.8226
18 95 18.8944
18 96 16.6132
18 97 16.9706
18 98 17.7482
18 99 22.9347
18 100 16.8819
18 101 18.3848
18 102 15.4919
18 103 24.5967
18 104 21.2838
18 105 19.5448
18 106 15.3623
18 107 19.2094
18 108 21.2368
18 109 16.7929
18 110 24.4131
18 111 17.6918
18 112 15.5242
18 113 22.7596
18 114 19.4936
18 115 21.9773
18 116 29.8998
18 117 19.2614
18 118 18.9473
18 119 26.1151
19 20 17.8885
19 21 28.0179
19 22 21.2603
19 23 18.7883
19 24 28.2843
19 25 22.7816
19 26 17.5214
19 27 28.9655
19 28 22.2935
19 29 27.3861
19 30 16.1864
19 31 27.2397
19 32 28.3901
19 33 27.7128
19 34 22.6716
19 35 21.2838
19 36 21.3776
19 37 23.1733
19 38 18.4662
19 39 30.133
19 40 26.7021
19 41 26.5707
19 42 19.5448
19 43 16.8523
19 44 27.9821
19 45 22.8692
19 46 26.6646
19 47 24.0416
19 48 23.4947
19 49 27.2947
19 50 19.2614
19 51 17.9165
19 52 17.6635
19 53 24.96
19 54 28.7228
19 55 29.1204
19 56 24.4745
19 57 22.383
19 58 23.8747
19 59 20.9523
19 60 23.5584
19 61 30.133
19 62 21.0476
19 63 17.8326
19 64 22.8254
19 65 25.4951
19 66 19.6214
19 67 27.6948
19 68 21.0476
19 69 18.735
19 70 27.3313
19 71 21.4243
19 72 24.3311
19 73 19.3907
19 74 19.3649
19 75 14.1421
19 76 21.1424
19 77 26.3439
19 78 20.445
19 79 20.3224
19 80 24.8596
19 81 16.1245
19 82 22.891
19 83 29.1204
19 84 19.8746
19 85 28.0713
19 86 20.8327
19 87 25.4755
19 88 21.5407
19 89 28.2135
19 90 22.0681
19 91 20.5426
19 92 28.1603
19 93 27.9821
19 94 15.0665
19 95 29.7825
19 96 20.347
19 97 22.5389
19 98 19.8242
19 99 23.7487
19 100 20.8087
19 101 28.0357
19 102 14.8324
19 103 20.567
19 104 15.9687
19 105 29.0517
19 106 25.6125
19 107 18.1934
19 108 24.4745
19 109 26.8701
19 110 18.7083
19 111 17.1756
19 112 28.9655
19 113 17.7764
19 114 24.1661
19 115 27.4408
19 116 24.8596
19 117 25.1197
19 118 26.6271
19 119 22.6716
20 21 22.2036
20 22 20.0499
20 23 20.7605
20 24 19.5959
20 25 21.1896
20 26 14.0357
20 27 20.2731
20 28 13.3041
20 29 16.9706
20 30 17.8326
20 31 17.9444
20 32 18.3848
20 33 20.0499
20 34 17.9444
20 35 13.5277
20 36 25.318
20 37 23.0434
20 38 23.388
20 39 21.7715
20 40 15.4596
20 41 24.6171
20 42 16.8523
20 43 16.9706
20 44 19
20 45 24.6779
20 46 16.8819
20 47 25.7682
20 48 16.2481
20 49 20.5183
20 50 15.1987
20 51 12.6886
20 52 14.9666
20 53 15.1987
20 54 19.7231
20 55 22.1359
20 56 17.5214
20 57 16.4621
20 58 18.2209
20 59 21.3776
20 60 21.7025
20 61 21.7715
20 62 17.2916
20 63 15.4919
20 64 16.2173
20 65 17.2047
20 66 15.1327
20 67 16.0935
20 68 15.906
20 69 17.8045
20 70 20.4695
20 71 19.2614
20 72 18.1659
20 73 22.9347
20 74 25.7876
20 75 15.4272
20 76 23.388
20 77 17.4929
20 78 18.4391
20 79 15.4596
20 80 16.1245
20 81 22.3607
20 82 21.5407
20 83 19.4936
20 84 20.0749
20 85 21.3542
20 86 18.2209
20 87 16.2173
20 88 15.2971
20 89 18.8149
20 90 23.5584
20 91 18.6011
20 92 21.7486
20 93 20.9045
20 94 16.5831
20 95 21.9317
20 96 17.2047
20 97 17.4356
20 98 15.6525
20 99 17.6635
20 100 14.2478
20 101 21.9089
20 102 12.4097
20 103 22.4277
20 104 15.3297
20 105 20.0499
20 106 14.3527
20 107 13.6748
20 108 17.2337
20 109 18.1108
20 110 25.5343
20 111 15.1327
20 112 19.7231
20 113 19.3391
20 114 17.6635
20 115 18.0278
20 116 26.4197
20 117 16.7631
20 118 16.8226
20 119 22.9783
21 22 24.0624
21 23 24.0832
21 24 10.247
21 25 18.2209
21 26 20.445
21 27 10.2956
21 28 20.8327
21 29 15.9687
21 30 25.5539
21 31 8.42615
21 32 12.6095
21 33 10.8167
21 34 15.4596
21 35 16
21 36 31.209
21 37 27.6405
21 38 28.5657
21 39 9.84886
21 40 14.8997
21 41 25.632
21 42 22.0227
21 43 19.6214
21 44 13.1909
21 45 19.799
21 46 12.8062
21 47 26.7769
21 48 14.8661
21 49 7.74597
21 50 19.2873
21 51 21.5407
21 52 23.8537
21 53 17.6068
21 54 9.16515
21 55 6.7082
21 56 15.9374
21 57 17.7764
21 58 18.303
21 59 24.2074
21 60 21.4476
21 61 9.84886
21 62 17.2627
21 63 24.5153
21 64 17.6068
21 65 13.3791
21 66 19.5448
21 67 16.1864
21 68 22.8035
21 69 22.7156
21 70 13.4164
21 71 25.1396
21 72 13.3041
21 73 25.3969
21 74 29.2916
21 75 22.0681
21 76 24.3311
21 77 14.9332
21 78 19.1572
21 79 20.0998
21 80 17.2916
21 81 28.4781
21 82 25.2389
21 83 9.43398
21 84 22.0454
21 85 4.12311
21 86 17.2916
21 87 17.6068
21 88 20.9523
21 89 12.8452
21 90 28.3901
21 91 18.5742
21 92 2
21 93 6.16441
21 94 20.445
21 95 9.48683
21 96 18.1384
21 97 18.8414
21 98 21.8632
21 99 24.7184
21 100 17.088
21 101 3.31662
21 102 20.3224
21 103 25.7294
21 104 23.5372
21 105 10.247
21 106 18.8944
21 107 22.3607
21 108 20.445
21 109 10.4403
21 110 24.8797
21 111 18.5472
21 112 12.083
21 113 24.0624
21 114 19.5704
21 115 18.7083
21 116 29.2062
21 117 18.6011
21 118 18.1108
21 119 29.1376
22 23 16.5831
22 24 22.9347
22 25 20.6155
22 26 13.1529
22 27 22.9129
22 28 22.6936
22 29 20.1494
22 30 19.8494
22 31 21.0238
22 32 21.7715
22 33 23.9583
22 34 20.8327
22 35 19.6214
22 36 19.4165
22 37 17.6352
22 38 18.735
22 39 23.7065
22 40 20.567
22 41 21.2132
22 42 21.6333
22 43 21.2603
22 44 22.9129
22 45 18.8944
22 46 21.7945
22 47 16.7332
22 48 23.7487
22 49 22.9129
22 50 19.3649
22 51 18.2483
22 52 19.4936
22 53 20.7605
22 54 22.1585
22 55 23.622
22 56 20.8087
22 57 23.6432
22 58 20.9284
22 59 14.7309
22 60 19.0526
22 61 23.7065
22 62 23.4734
22 63 15.1658
22 64 21.9317
22 65 22.8035
22 66 23
22 67 21.0476
22 68 21.5174
22 69 15.906
22 70 22.0227
22 71 20.7605
22 72 21.166
22 73 22.2711
22 74 17.4642
22 75 18.868
22 76 17.2337
22 77 21.3073
22 78 21.7256
22 79 20.025
22 80 20.2485
22 81 16.6733
22 82 16.0624
22 83 21.6795
22 84 15
22 85 23.622
22 86 21.4942
22 87 19.975
22 88 21.0238
22 89 23.0217
22 90 22.3383
22 91 18.6548
22 92 23.7276
22 93 22.9129
22 94 17
22 95 24.4336
22 96 19.0263
22 97 23.0651
22 98 12.8452
22 99 16.1864
22 100 20.7605
22 101 24.0832
22 102 17.72
22 103 16.5831
22 104 17.4069
22 105 22.6716
22 106 20.8327
22 107 16.6433
22 108 22.8692
22 109 22.3159
22 110 21.8174
22 111 20.3715
22 112 22.8254
22 113 17.72
22 114 21.8174
22 115 20.2237
22 116 22
22 117 20.1246
22 118 19.3649
22 119 20.6882
23 24 23.6432
23 25 22.4054
23 26 17.4356
23 27 23.7487
23 28 19.5959
23 29 23.516
23 30 15.3948
23 31 22.7376
23 32 23.2164
23 33 23.3452
23 34 20.0749
23 35 18.9209
23 36 21.2603
23 37 24.779
23 38 20.6398
23 39 24.5967
23 40 22.9347
23 41 21.4243
23 42 17.1172
23 43 18.3576
23 44 23.4094
23 45 20
23 46 22.4944
23 47 19.3649
23 48 21.6102
23 49 23.622
23 50 14.8997
23 51 18.6548
23 52 19.2614
23 53 22.4499
23 54 23.4947
23 55 24.5153
23 56 19.0788
23 57 22.0454
23 58 19.9249
23 59 18.868
23 60 22.6716
23 61 24.5967
23 62 20.199
23 63 14.7309
23 64 20.7364
23 65 22.8254
23 66 20.8327
23 67 22.9783
23 68 18.7617
23 69 16.9706
23 70 22.0454
23 71 21.9089
23 72 21.0476
23 73 21.3307
23 74 19.3391
23 75 19.7737
23 76 19.6469
23 77 22.5167
23 78 20.5183
23 79 21.7715
23 80 20.6155
23 81 17.6352
23 82 18.7883
23 83 23.4734
23 84 18
23 85 23.6854
23 86 20.6155
23 87 22.2261
23 88 21.6564
23 89 23.1733
23 90 20.5913
23 91 22.8254
23 92 23.8328
23 93 23.7908
23 94 15.5563
23 95 24.454
23 96 23.5584
23 97 20.5183
23 98 14.6969
23 99 22.7376
23 100 18.6011
23 101 23.9374
23 102 18.5203
23 103 21.7256
23 104 20.3961
23 105 23.7697
23 106 22.3383
23 107 17.4929
23 108 20.6882
23 109 22.5167
23 110 16.4012
23 111 20.6398
23 112 23.7065
23 113 13.7477
23 114 22.8254
23 115 23.1084
23 116 18.3576
23 117 23.7065
23 118 23.0217
23 119 21.4243
24 25 19.7737
24 26 19.0526
24 27 10.8167
24 28 17.6352
24 29 12.2474
24 30 24
24 31 7.07107
24 32 12.49
24 33 9.69536
24 34 15.4919
24 35 14.1067
24 36 30.2159
24 37 25.7099
24 38 28.6531
24 39 9.48683
24 40 11.0905
24 41 23.7487
24 42 20.0998
24 43 21.0238
24 44 13.4536
24 45 20.4695
24 46 10.1489
24 47 25.9615
24 48 15.748
24 49 14.2478
24 50 18.2483
24 51 21.3307
24 52 22.2711
24 53 13.6748
24 54 7.81025
24 55 12.2474
24 56 16.0935
24 57 18.735
24 58 17.4356
24 59 21.5174
24 60 22.2935
24 61 9.48683
24 62 15.3297
24 63 23.7908
24 64 16.4012
24 65 10.6771
24 66 17.9722
24 67 11.4455
24 68 21.8403
24 69 22.8692
24 70 10.0499
24 71 26.2107
24 72 15.5563
24 73 26.9444
24 74 30.5123
24 75 19.8997
24 76 23.5584
24 77 12.7279
24 78 20.7364
24 79 20.2731
24 80 14.3527
24 81 29.0517
24 82 25.5734
24 83 8.48528
24 84 23.388
24 85 7.34847
24 86 20.6882
24 87 16.3401
24 88 18.6548
24 89 9.27362
24 90 26.0576
24 91 17.72
24 92 8.77496
24 93 10.7238
24 94 19.0526
24 95 5.19615
24 96 19.799
24 97 17.3205
24 98 20.1742
24 99 21.0713
24 100 16.2788
24 101 8.3666
24 102 20
24 103 25.4755
24 104 21.9317
24 105 7.07107
24 106 16.4924
24 107 19.7737
24 108 16.5831
24 109 8.48528
24 110 26.8328
24 111 18.8944
24 112 11.619
24 113 22.5832
24 114 17.9444
24 115 13.3791
24 116 27.1293
24 117 15.1327
24 118 15.2643
24 119 27.313
25 26 14.4222
25 27 16.7332
25 28 23.1517
25 29 20.025
25 30 20.3224
25 31 17.5214
25 32 17.9165
25 33 19.2614
25 34 18.735
25 35 16.4317
25 36 25.1396
25 37 22.6716
25 38 23.5797
25 39 17.0587
25 40 20.5913
25 41 24.96
25 42 23.7697
25 43 21.7486
25 44 18.4932
25 45 18.4391
25 46 19.3391
25 47 21.5174
25 48 17.3494
25 49 17.7764
25 50 17.3781
25 51 21.2603
25 52 15.5885
25 53 22.1359
25 54 19.5959
25 55 16.5831
25 56 19.5448
25 57 16.4317
25 58 21.4243
25 59 22.7596
25 60 20.0998
25 61 17.0587
25 62 20.2485
25 63 19.6214
25 64 19.8997
25 65 20.9523
25 66 21.6795
25 67 21.0238
25 68 21.9545
25 69 20.7364
25 70 20.1494
25 71 20.6882
25 72 18.8414
25 73 23.388
25 74 24.6577
25 75 17.7482
25 76 24.3721
25 77 19
25 78 20.4695
25 79 18.1108
25 80 21.0476
25 81 24.5153
25 82 21.7025
25 83 17.9722
25 84 22.4944
25 85 19
25 86 18.0278
25 87 20.9762
25 88 22.4277
25 89 19.7737
25 90 23.6643
25 91 15.7162
25 92 17.7764
25 93 19.4936
25 94 16.4924
25 95 19.1833
25 96 15.5242
25 97 20.664
25 98 15.5563
25 99 22.1133
25 100 22.4499
25 101 19.1572
25 102 17.5214
25 103 22.1359
25 104 18.2209
25 105 20.4695
25 106 19.6723
25 107 18.2209
25 108 24.1661
25 109 19.6723
25 110 23.0434
25 111 18.1659
25 112 17.3205
25 113 19.2614
25 114 21.5639
25 115 23.7065
25 116 26.8142
25 117 20.1494
25 118 21.5407
25 119 25.3574
26 27 18.8149
26 28 18.6548
26 29 18.5203
26 30 13.9642
26 31 17.5784
26 32 17.4069
26 33 18.9473
26 34 18.0278
26 35 14.8324
26 36 21.2603
26 37 19.6469
26 38 21.4942
26 39 19.975
26 40 17.088
26 41 20.8087
26 42 18.735
26 43 17.0587
26 44 18.2209
26 45 17.3781
26 46 17.088
26 47 20.1246
26 48 17.8606
26 49 19.2873
26 50 15.0997
26 51 16.1864
26 52 13.3041
26 53 17.8326
26 54 18.1659
26 55 20.3715
26 56 18.2209
26 57 18.1108
26 58 20.1246
26 59 16.9706
26 60 18.6548
26 61 19.975
26 62 19.5448
26 63 13.8924
26 64 19.3391
26 65 18.412
26 66 18.4391
26 67 16.7929
26 68 18.1659
26 69 14.0712
26 70 19.2354
26 71 19.0263
26 72 19.5192
26 73 20.9523
26 74 21.2603
26 75 14.3875
26 76 18.4391
26 77 18.0831
26 78 21
26 79 16.7929
26 80 17.2337
26 81 19.8242
26 82 15.3948
26 83 17.8606
26 84 19.6469
26 85 19.6214
26 86 17.4642
26 87 17.5499
26 88 18.6815
26 89 17.8606
26 90 21.5407
26 91 15.7797
26 92 19.9499
26 93 19.3391
26 94 12.6491
26 95 20.1494
26 96 15.5885
26 97 18.0831
26 98 10
26 99 17.2337
26 100 17.2627
26 101 20.1742
26 102 14.3875
26 103 16.2481
26 104 12.7279
26 105 18.5203
26 106 16.2173
26 107 14.2127
26 108 20.2978
26 109 17.4069
26 110 20.2237
26 111 13.9284
26 112 18.4932
26 113 14.7309
26 114 18.6815
26 115 18.9737
26 116 23.0434
26 117 18.2209
26 118 18.3848
26 119 20.0749
27 28 20.0499
27 29 12.6886
27 30 24.9199
27 31 7.68115
27 32 5.91608
27 33 8.18535
27 34 15.9687
27 35 14.1421
27 36 28.4605
27 37 26.3059
27 38 27.8927
27 39 4.3589
27 40 12.4097
27 41 25.632
27 42 20.3715
27 43 21
27 44 6.48074
27 45 22.0907
27 46 8.7178
27 47 24.5967
27 48 13.3041
27 49 9.27362
27 50 18.1659
27 51 20.2485
27 52 22.3383
27 53 14.5602
27 54 11.4018
27 55 6.55744
27 56 13.4164
27 57 16.8523
27 58 17
27 59 24.2487
27 60 21.3073
27 61 4.3589
27 62 18.4391
27 63 22.8254
27 64 17.2047
27 65 12.2066
27 66 20.2978
27 67 11.8322
27 68 20.8327
27 69 21.8174
27 70 12.4097
27 71 23.4947
27 72 13.5277
27 73 27.2213
27 74 29.4958
27 75 22.383
27 76 23.2809
27 77 8.88819
27 78 19.3649
27 79 18.9209
27 80 13.3041
27 81 28.931
27 82 23.388
27 83 8.06226
27 84 22.7156
27 85 10.8167
27 86 18.7883
27 87 13.3417
27 88 20.2237
27 89 8.66025
27 90 28.8444
27 91 17.4069
27 92 8.83176
27 93 12.5698
27 94 20.199
27 95 9.05539
27 96 18.8414
27 97 16.8226
27 98 19.4422
27 99 22.9129
27 100 18.7083
27 101 11.3578
27 102 20.2237
27 103 26.533
27 104 22.9783
27 105 12.4499
27 106 15.6525
27 107 22.5389
27 108 19.0263
27 109 9.94987
27 110 26.8514
27 111 21.2603
27 112 2.44949
27 113 23.4307
27 114 17.9722
27 115 18.1108
27 116 29.7489
27 117 17.2047
27 118 15.2315
27 119 28.5482
28 29 16.0935
28 30 18.8944
28 31 16.3401
28 32 18.1384
28 33 19.5192
28 34 18.0831
28 35 15.2971
28 36 26.9072
28 37 25.9615
28 38 23.5372
28 39 21.1896
28 40 13.6382
28 41 23
28 42 18.7883
28 43 20.3715
28 44 19.1311
28 45 25.4951
28 46 16.1245
28 47 25.3574
28 48 15.2643
28 49 19.8494
28 50 14.4914
28 51 18.3303
28 52 20.4695
28 53 14.9666
28 54 17.72
28 55 21.4709
28 56 13.7113
28 57 17.1464
28 58 14.7309
28 59 22.6274
28 60 24.4949
28 61 21.1896
28 62 14
28 63 17.8045
28 64 10.0995
28 65 16.0312
28 66 14.6287
28 67 15.0997
28 68 18.1659
28 69 21.4476
28 70 19.8494
28 71 22.9783
28 72 14.8661
28 73 24.3105
28 74 27.8209
28 75 19.1572
28 76 25.7294
28 77 18.1384
28 78 17.7482
28 79 22.1811
28 80 15.6525
28 81 26.3249
28 82 26.096
28 83 18.0831
28 84 21.587
28 85 19.6214
28 86 21
28 87 17.2627
28 88 14.5258
28 89 18.1384
28 90 24.0832
28 91 21.7945
28 92 20.445
28 93 18.9737
28 94 17.5499
28 95 20.6882
28 96 22.1133
28 97 17.9165
28 98 19.4936
28 99 21
28 100 11.4891
28 101 20.2237
28 102 13.3791
28 103 23.7487
28 104 20.1494
28 105 17.9165
28 106 15.1327
28 107 14.4222
28 108 10.9545
28 109 16.8226
28 110 24.7588
28 111 20.199
28 112 19.6977
28 113 17.8606
28 114 18.412
28 115 16.7929
28 116 26.5895
28 117 16.5529
28 118 16.9706
28 119 22.9129
29 30 25.02
29 31 8.60233
29 32 12.4097
29 33 16.2481
29 34 15.6205
29 35 13.8203
29 36 28.4781
29 37 25
29 38 26.0192
29 39 12.9615
29 40 8.88819
29 41 22.4499
29 42 22.0454
29 43 22.5832
29 44 14.6629
29 45 23.8537
29 46 12.6095
29 47 25.6905
29 48 18.1659
29 49 15.1327
29 50 18.412
29 51 17.9722
29 52 21.4009
29 53 10.4403
29 54 13.5277
29 55 13.8564
29 56 13.6015
29 57 19.8242
29 58 12.1655
29 59 21
29 60 21.8403
29 61 12.9615
29 62 18.9473
29 63 21.6795
29 64 15.1327
29 65 14.2127
29 66 20.025
29 67 11.3578
29 68 21.3307
29 69 20.7123
29 70 13.3041
29 71 25.1197
29 72 11.1355
29 73 28.0713
29 74 29
29 75 21.4009
29 76 25.865
29 77 10.198
29 78 18.2209
29 79 19.4679
29 80 11.9164
29 81 28.8444
29 82 24.2487
29 83 11.4018
29 84 20.9045
29 85 15.5563
29 86 20.1494
29 87 10.5357
29 88 18.5472
29 89 14.9666
29 90 26.9258
29 91 18.3303
29 92 15.0665
29 93 15.3297
29 94 20.1246
29 95 15.1987
29 96 18.3848
29 97 20.3961
29 98 18.0831
29 99 19.6469
29 100 15
29 101 16.3095
29 102 17.4929
29 103 26.5895
29 104 20.1246
29 105 14.4222
29 106 13.784
29 107 17.1172
29 108 15.843
29 109 14.4914
29 110 28.1069
29 111 21.0476
29 112 12.9228
29 113 21.3073
29 114 18.2209
29 115 9.84886
29 116 27.6043
29 117 13.4536
29 118 5.56776
29 119 27.1293
30 31 23.7487
30 32 23.1084
30 33 22.891
30 34 21.8632
30 35 19.7231
30 36 25.318
30 37 25.4755
30 38 23.0434
30 39 26.3059
30 40 22.2486
30 41 25.5734
30 42 15.2315
30 43 15.2315
30 44 23.1301
30 45 21.5174
30 46 21.5639
30 47 23.1084
30 48 21.9089
30 49 24.6779
30 50 14.1774
30 51 18.7883
30 52 15.2315
30 53 21.7945
30 54 23.1733
30 55 26.7582
30 56 19.105
30 57 22.4722
30 58 21.4942
30 59 19.8746
30 60 23.0434
30 61 26.3059
30 62 20.6155
30 63 15.3623
30 64 20.1742
30 65 21.9089
30 66 20.2731
30 67 21.3307
30 68 17.8045
30 69 17.6352
30 70 23
30 71 22.2486
30 72 23.0651
30 73 23.5797
30 74 22.2036
30 75 14.7648
30 76 19.2614
30 77 23.3666
30 78 22.2261
30 79 21.5174
30 80 19.8494
30 81 21.8632
30 82 23.6643
30 83 23.9165
30 84 24.9199
30 85 24.2899
30 86 22.0454
30 87 22.2486
30 88 18.8149
30 89 21.9089
30 90 22.4277
30 91 20.7846
30 92 25.2389
30 93 24.1868
30 94 10.0499
30 95 25.0799
30 96 21.4476
30 97 18.9209
30 98 16.0935
30 99 22.5389
30 100 18.8944
30 101 24.7386
30 102 15.4919
30 103 20.2731
30 104 13.8203
30 105 23.0651
30 106 22.3607
30 107 17.6352
30 108 19
30 109 21.3073
30 110 20.7846
30 111 18.303
30 112 24.3516
30 113 9.16515
30 114 20.445
30 115 23.0434
30 116 24.98
30 117 23.1733
30 118 24.1039
30 119 22.3607
31 32 8.12404
31 33 10.4881
31 34 14.9666
31 35 13.2288
31 36 29
31 37 25.2784
31 38 26.3249
31 39 7.87401
31 40 7.81025
31 41 22.8473
31 42 20.5913
31 43 20.5913
31 44 10.4403
31 45 20.9045
31 46 8.544
31 47 25.0998
31 48 14.2829
31 49 9
31 50 16.5831
31 51 18.6815
31 52 21.3073
31 53 12.2882
31 54 6.55744
31 55 7.87401
31 56 12.6886
31 57 17.0587
31 58 14.8324
31 59 21.7025
31 60 20.9523
31 61 7.87401
31 62 16.5227
31 63 22.0454
31 64 14.1774
31 65 10.6771
31 66 18.4662
31 67 9.74679
31 68 20.8567
31 69 20.7123
31 70 11.9583
31 71 23.8537
31 72 10.583
31 73 25.6125
31 74 28.6531
31 75 20.4939
31 76 24.0208
31 77 10.6771
31 78 17.4356
31 79 18.4662
31 80 12.9615
31 81 27.8568
31 82 23.8747
31 83 4.69042
31 84 20.9523
31 85 7.74597
31 86 17.3205
31 87 12.8452
31 88 17.4356
31 89 9.89949
31 90 26.8142
31 91 16.8523
31 92 7.4162
31 93 7.93725
31 94 18.8414
31 95 9.11043
31 96 17.0294
31 97 18.1659
31 98 18.303
31 99 20.5913
31 100 15.0665
31 101 8.60233
31 102 17.9444
31 103 24.6374
31 104 20.7123
31 105 7.87401
31 106 14.2829
31 107 18.735
31 108 16.1555
31 109 8.3666
31 110 25.8457
31 111 18.8414
31 112 8.66025
31 113 21.4476
31 114 17.5499
31 115 13.3041
31 116 28.0713
31 117 13.6015
31 118 11.9583
31 119 26.9815
32 33 9.27362
32 34 17.8326
32 35 15.2643
32 36 28.688
32 37 26.4008
32 38 27.2947
32 39 9.48683
32 40 9.11043
32 41 24.98
32 42 20
32 43 20.8327
32 44 4.3589
32 45 22.8692
32 46 6.245
32 47 24.7386
32 48 13.9284
32 49 8.77496
32 50 17.4069
32 51 19.4165
32 52 21.587
32 53 12.6095
32 54 10.5357
32 55 10.0995
32 56 11.5326
32 57 18.0278
32 58 16.7332
32 59 24.3926
32 60 21.5174
32 61 9.48683
32 62 19.6214
32 63 21.8174
32 64 15.7797
32 65 11.0454
32 66 20.4206
32 67 7.93725
32 68 20.4695
32 69 20.0749
32 70 14.7986
32 71 22.9565
32 72 13.1149
32 73 27.313
32 74 28.7576
32 75 22.5389
32 76 23.3452
32 77 9.59166
32 78 19.3391
32 79 19.8242
32 80 11.6619
32 81 28.2135
32 82 23.7065
32 83 7.74597
32 84 22.6053
32 85 12.4097
32 86 19.0788
32 87 11.0905
32 88 17.7764
32 89 7.61577
32 90 29.3087
32 91 18.5472
32 92 11.619
32 93 12.2066
32 94 19.8746
32 95 12.3693
32 96 19.3391
32 97 17.088
32 98 18.1384
32 99 22.1811
32 100 17.7482
32 101 13.1909
32 102 19.4936
32 103 25.8263
32 104 21.3776
32 105 11.7473
32 106 14.6287
32 107 21.9317
32 108 16.9411
32 109 8.3666
32 110 27.2029
32 111 21.9317
32 112 4.58258
32 113 21.7256
32 114 16.6733
32 115 17.2337
32 116 30.692
32 117 16.1555
32 118 14.1774
32 119 27.6405
33 34 17.0294
33 35 15.906
33 36 29.3428
33 37 26.6271
33 38 29.1376
33 39 10.198
33 40 12.7671
33 41 26.2298
33 42 18.2757
33 43 18.1659
33 44 7
33 45 20.8087
33 46 6.245
33 47 24.9399
33 48 13.4164
33 49 11.4455
33 50 19.5192
33 51 21.9317
33 52 22.6274
33 53 13
33 54 11.7047
33 55 12
33 56 14.2478
33 57 18.6279
33 58 18.2209
33 59 24.4336
33 60 21.5174
33 61 10.198
33 62 16.7631
33 63 23.0651
33 64 17.1172
33 65 7.34847
33 66 18.1934
33 67 11.1803
33 68 21.6564
33 69 21.2838
33 70 12.1244
33 71 24.2281
33 72 15.9374
33 73 27.6405
33 74 29.2746
33 75 20.5426
33 76 21.3307
33 77 10.0995
33 78 21.0713
33 79 21.3776
33 80 12.1655
33 81 28
33 82 25.4558
33 83 11.4018
33 84 23.1733
33 85 9.69536
33 86 21.3073
33 87 14.2478
33 88 18.6548
33 89 4.47214
33 90 28.4429
33 91 17.9444
33 92 9.64365
33 93 12.8452
33 94 19
33 95 8.30662
33 96 20.8806
33 97 13.7113
33 98 20.3224
33 99 23.1948
33 100 17.5214
33 101 10.0995
33 102 20.347
33 103 26.7769
33 104 21.5639
33 105 11.6619
33 106 18.2209
33 107 23.388
33 108 16.7033
33 109 5.65685
33 110 26.7955
33 111 20.4695
33 112 7.81025
33 113 22.5389
33 114 15.748
33 115 18.6279
33 116 29.2575
33 117 18.3576
33 118 17.8606
33 119 27.8927
34 35 8.88819
34 36 26.5141
34 37 23.1301
34 38 25.5147
34 39 15.4272
34 40 18.5203
34 41 23.8747
34 42 16.5529
34 43 16.4317
34 44 18.303
34 45 21.6102
34 46 17.5784
34 47 22.8035
34 48 13.2665
34 49 17.2916
34 50 16.5227
34 51 14.9332
34 52 17.2047
34 53 17.2916
34 54 16.9411
34 55 15.5563
34 56 16.0935
34 57 13.0767
34 58 14.5602
34 59 20.4695
34 60 19.2614
34 61 15.4272
34 62 12.2066
34 63 19.6977
34 64 16.6433
34 65 18.0555
34 66 12.1244
34 67 18.9473
34 68 13.6748
34 69 19.975
34 70 10.8167
34 71 22.8692
34 72 15.6205
34 73 23.3238
34 74 25.4362
34 75 18.1659
34 76 21.9317
34 77 14.6969
34 78 18
34 79 15.5242
34 80 15.1658
34 81 24.8998
34 82 20.9284
34 83 16.2481
34 84 19.105
34 85 15.5563
34 86 18.4391
34 87 16.2173
34 88 19.0263
34 89 17.8326
34 90 21.4709
34 91 17.8326
34 92 14.9332
34 93 17
34 94 17.6918
34 95 15.6525
34 96 20.0998
34 97 12.1655
34 98 19
34 99 22.4054
34 100 12.2066
34 101 15.6844
34 102 15.3623
34 103 23.3452
34 104 21.9773
34 105 17.3781
34 106 12.7279
34 107 15.4596
34 108 20.0749
34 109 17.2047
34 110 21.0713
34 111 15.4596
34 112 16.8819
34 113 19.8494
34 114 14.2829
34 115 15.3297
34 116 23.6643
34 117 15.843
34 118 15.0665
34 119 23.6643
35 36 24.779
35 37 23.3238
35 38 23.3666
35 39 13.8924
35 40 15.8114
35 41 23
35 42 15.7797
35 43 17.8606
35 44 16.2481
35 45 21.6333
35 46 15.3623
35 47 22.7816
35 48 10.5357
35 49 16.8523
35 50 12.083
35 51 13.8564
35 52 15.5885
35 53 16.0624
35 54 15.3623
35 55 15.1327
35 56 15.8114
35 57 11.9164
35 58 15.906
35 59 18.4391
35 60 18.9209
35 61 13.8924
35 62 13.4164
35 63 17.1756
35 64 15.6205
35 65 16.7631
35 66 13.0384
35 67 15.9374
35 68 11.225
35 69 20.7364
35 70 12.5698
35 71 21.3073
35 72 15.906
35 73 21.2368
35 74 25.1794
35 75 17.3494
35 76 21.0713
35 77 13.7477
35 78 18.412
35 79 13.6382
35 80 14.7309
35 81 23.8956
35 82 17.9165
35 83 14.1067
35 84 19.0263
35 85 15.5242
35 86 14.3178
35 87 15.5563
35 88 17.8045
35 89 15.6525
35 90 21.6333
35 91 17.2916
35 92 15.0997
35 93 16.6733
35 94 15.0333
35 95 14.6287
35 96 17.2337
35 97 13.2288
35 98 15.2315
35 99 20.3224
35 100 12.8841
35 101 16.0312
35 102 13.4536
35 103 22
35 104 20.2978
35 105 15.7797
35 106 8.42615
35 107 12.3288
35 108 19.1311
35 109 15.6525
35 110 22.1585
35 111 15.1658
35 112 14.6287
35 113 19.4165
35 114 15
35 115 15.1658
35 116 24.4336
35 117 15.4919
35 118 14.4914
35 119 22.4722
36 37 18.4932
36 38 15.748
36 39 29.3428
36 40 29.1204
36 41 23
36 42 23.9374
36 43 26.5895
36 44 28.4253
36 45 26.2679
36 46 28.4605
36 47 14.6629
36 48 25.9422
36 49 30.0998
36 50 23.4094
36 51 23.8328
36 52 24.3926
36 53 28.2135
36 54 31.5278
36 55 29.8831
36 56 26.3439
36 57 24.7386
36 58 26.5895
36 59 20.8806
36 60 22.6274
36 61 29.3428
36 62 25.02
36 63 20.7123
36 64 25.2587
36 65 28.931
36 66 25.923
36 67 29.2575
36 68 24.5357
36 69 23.1517
36 70 29.2916
36 71 20.6398
36 72 27.2213
36 73 20.5183
36 74 19.4422
36 75 22.3383
36 76 22.9783
36 77 27.037
36 78 23.388
36 79 23.9165
36 80 27.258
36 81 20.0749
36 82 18.9473
36 83 30.282
36 84 20.2978
36 85 31.4166
36 86 27.4773
36 87 28
36 88 25.1992
36 89 29.4109
36 90 22.5389
36 91 22.8254
36 92 30.692
36 93 32.0936
36 94 22.3607
36 95 30.6268
36 96 25.7099
36 97 25.7488
36 98 22.8473
36 99 20.7605
36 100 28.6356
36 101 31.6386
36 102 21.9773
36 103 18.2209
36 104 25.3772
36 105 31.9531
36 106 27.7669
36 107 24.0832
36 108 27.6767
36 109 29.8496
36 110 21.5174
36 111 27.6043
36 112 28.2489
36 113 25.04
36 114 27.4773
36 115 30.9839
36 116 23.9792
36 117 26.533
36 118 28.9482
36 119 20.2731
37 38 19.2354
37 39 26.6271
37 40 25.4558
37 41 23.6854
37 42 25.1992
37 43 25.671
37 44 26.7208
37 45 21.7256
37 46 25.6125
37 47 17.7482
37 48 24.7992
37 49 27.6767
37 50 24.6171
37 51 22.8035
37 52 19.8746
37 53 25.1794
37 54 26.9072
37 55 27.3679
37 56 26
37 57 22.4054
37 58 25.865
37 59 22.4054
37 60 19.5959
37 61 26.6271
37 62 22.2711
37 63 23.4734
37 64 24.0832
37 65 25.865
37 66 22.4499
37 67 25.807
37 68 25.5343
37 69 19.4936
37 70 25.7682
37 71 20
37 72 26.0192
37 73 24.2693
37 74 19.9499
37 75 19.5192
37 76 22.3607
37 77 25.04
37 78 23.7697
37 79 21.9545
37 80 25.1992
37 81 17.6918
37 82 24.5153
37 83 26.4008
37 84 19.0263
37 85 27.1846
37 86 28.1957
37 87 25.7682
37 88 22.6936
37 89 26.3249
37 90 16.6733
37 91 20.0749
37 92 27.1293
37 93 27.7849
37 94 23.4947
37 95 26.7582
37 96 24.7184
37 97 23.6008
37 98 22
37 99 12.8452
37 100 26.0768
37 101 27.5136
37 102 22.383
37 103 16.1245
37 104 22.5832
37 105 27.074
37 106 24.6779
37 107 21.8632
37 108 26.533
37 109 26.2107
37 110 22.6495
37 111 22.8473
37 112 26.3059
37 113 24.2281
37 114 24.2693
37 115 26.0768
37 116 24.0624
37 117 20.6398
37 118 25.4951
37 119 18.6815
38 39 28.7924
38 40 26.1151
38 41 23.8118
38 42 23.2594
38 43 25.9037
38 44 27.8927
38 45 26.4197
38 46 27.2397
38 47 17.0587
38 48 25
38 49 27.0924
38 50 19.0263
38 51 20.4939
38 52 22.2486
38 53 26.7582
38 54 28.4956
38 55 27.8747
38 56 24.1661
38 57 23.7065
38 58 24.3105
38 59 19.8494
38 60 21.6333
38 61 28.7924
38 62 23.3666
38 63 22.8254
38 64 21.4942
38 65 27.4773
38 66 24.3721
38 67 27.5681
38 68 23.4947
38 69 22
38 70 29.2575
38 71 21.6795
38 72 23.388
38 73 19.6214
38 74 14.4222
38 75 20.9045
38 76 23.4947
38 77 27.074
38 78 18.1934
38 79 22.0907
38 80 26.7395
38 81 17.0587
38 82 23.5584
38 83 27.8029
38 84 17.6635
38 85 28.931
38 86 22.561
38 87 26.7208
38 88 21.1424
38 89 29
38 90 21.4476
38 91 22.0227
38 92 28.4956
38 93 28.2489
38 94 19.9499
38 95 30.0998
38 96 23.1301
38 97 26.7021
38 98 22.6716
38 99 18.9473
38 100 25.807
38 101 29.1033
38 102 19.2614
38 103 16.7929
38 104 22.9347
38 105 29.2062
38 106 26.2869
38 107 21.3073
38 108 25.3772
38 109 28.1247
38 110 18.0278
38 111 25.807
38 112 27.9643
38 113 21.4243
38 114 26.8142
38 115 28.6007
38 116 26.5518
38 117 23.1948
38 118 26.6833
38 119 21.8403
39 40 14.2478
39 41 25.7682
39 42 21.4942
39 43 22.4944
39 44 10.6301
39 45 22.0227
39 46 11.619
39 47 25.4165
39 48 14.5602
39 49 11.619
39 50 18.5742
39 51 21.1896
39 52 23.0651
39 53 16.7631
39 54 11.1803
39 55 6.32456
39 56 15.7162
39 57 17.0587
39 58 18.1108
39 59 23.9374
39 60 22.0681
39 61 0
39 62 18.3576
39 63 24.1661
39 64 18.5742
39 65 14.4914
39 66 20.9523
39 67 14.0357
39 68 21.3776
39 69 23.6854
39 70 11.4455
39 71 25.04
39 72 15.0333
39 73 27.4226
39 74 30.8058
39 75 22.9347
39 76 24.2281
39 77 11.225
39 78 20.3961
39 79 18.7883
39 80 15.6205
39 81 30.133
39 82 23.6643
39 83 7.87401
39 84 23.8537
39 85 10.0995
39 86 19.1311
39 87 16.0935
39 88 21.9089
39 89 10.7703
39 90 28.4429
39 91 17.8326
39 92 8.06226
39 93 12.6886
39 94 21
39 95 7
39 96 19.1833
39 97 18.2209
39 98 20.6155
39 99 23.3666
39 100 19.6723
39 101 10.6771
39 102 21.4009
39 103 26.7021
39 104 24.5967
39 105 12
39 106 16.1245
39 107 22.5167
39 108 20.7605
39 109 11.8322
39 110 27.0924
39 111 21.1424
39 112 6.40312
39 113 24.7386
39 114 19.6977
39 115 17.8606
39 116 29.2575
39 117 17.5784
39 118 16.0935
39 119 29.2233
40 41 22.6936
40 42 20.5183
40 43 21.2368
40 44 11.1355
40 45 23.2379
40 46 7.2111
40 47 25.632
40 48 16.5227
40 49 12.8062
40 50 17.4929
40 51 18.868
40 52 21.1896
40 53 8.24621
40 54 10.0995
40 55 14.7986
40 56 12.1655
40 57 19.9499
40 58 14.8661
40 59 22.2711
40 60 22.3607
40 61 14.2478
40 62 18.2757
40 63 21.3776
40 64 13.0384
40 65 9.11043
40 66 18.8149
40 67 4.89898
40 68 21.7715
40 69 19.4936
40 70 15.6205
40 71 24.1247
40 72 12.1244
40 73 27.258
40 74 28.5307
40 75 20.4695
40 76 24.6577
40 77 11.3578
40 78 18.5203
40 79 21.0238
40 80 10.9087
40 81 27.5862
40 82 25.671
40 83 9.74679
40 84 21.4476
40 85 13.4536
40 86 20.3224
40 87 10.583
40 88 14.5258
40 89 10.3441
40 90 27.5681
40 91 18.5742
40 92 14.2127
40 93 12.4097
40 94 19.0263
40 95 14.4914
40 96 19.3132
40 97 18.7883
40 98 17.5499
40 99 19.4165
40 100 14.6287
40 101 14.3875
40 102 17.5784
40 103 25.3772
40 104 18.4932
40 105 10.7238
40 106 14.7309
40 107 18.4932
40 108 12.4097
40 109 8.88819
40 110 27.8388
40 111 20.9284
40 112 11.7473
40 113 19.8746
40 114 16.5831
40 115 12.4097
40 116 29.2062
40 117 12.8841
40 118 10.9545
40 119 26.2107
41 42 26.7955
41 43 27.3496
41 44 26.2107
41 45 22.9565
41 46 24.3926
41 47 20.445
41 48 25.7682
41 49 25.7488
41 50 22.6936
41 51 25.2784
41 52 23.1517
41 53 23.6432
41 54 23.6008
41 55 25.923
41 56 22.9129
41 57 25.9422
41 58 22.6274
41 59 19.3649
41 60 17.9722
41 61 25.7682
41 62 24.3105
41 63 24.98
41 64 21.9773
41 65 24.8193
41 66 25.2784
41 67 23.6432
41 68 26.0576
41 69 20.664
41 70 24.1454
41 71 22.8692
41 72 22.891
41 73 21.587
41 74 23.2164
41 75 25.3772
41 76 29.0689
41 77 24.6982
41 78 25.0599
41 79 26.5518
41 80 23.5372
41 81 25.7682
41 82 23.1084
41 83 23.6643
41 84 21.7945
41 85 24.8596
41 86 27.2029
41 87 24.2281
41 88 23.6643
41 89 25.3772
41 90 20.2237
41 91 26.8328
41 92 25.318
41 93 24.4336
41 94 24.4336
41 95 25.632
41 96 26.9815
41 97 26.1916
41 98 22.0681
41 99 20.6398
41 100 23.0434
41 101 25.2982
41 102 23.8328
41 103 22.383
41 104 24.8395
41 105 23.8328
41 106 24
41 107 20.664
41 108 23.2594
41 109 24.4131
41 110 22.0907
41 111 26.2869
41 112 25.7876
41 113 22.5832
41 114 24.6171
41 115 22.1585
41 116 18.2757
41 117 22.6495
41 118 22.6936
41 119 16.6733
42 43 13.1909
42 44 19.3132
42 45 25.04
42 46 18.2483
42 47 22.1359
42 48 17.8326
42 49 21.9773
42 50 13.5277
42 51 13.4536
42 52 17.8885
42 53 18.8944
42 54 21.095
42 55 22.7596
42 56 17
42 57 18.8414
42 58 18.868
42 59 19.8242
42 60 22.2036
42 61 21.4942
42 62 15.5242
42 63 18.6548
42 64 18.1934
42 65 18.5472
42 66 15.843
42 67 19.2094
42 68 11.9583
42 69 19.5704
42 70 17.9165
42 71 22.2486
42 72 20.7846
42 73 22.9347
42 74 23.8118
42 75 15.4272
42 76 17.1172
42 77 18.5472
42 78 17.4356
42 79 15.9687
42 80 16.3707
42 81 22.8473
42 82 22.6274
42 83 21.166
42 84 22.6936
42 85 20.9762
42 86 21.0238
42 87 19.3132
42 88 15.2315
42 89 18.0555
42 90 23.7276
42 91 18.1108
42 92 21.3776
42 93 22.2935
42 94 13.6748
42 95 20.3224
42 96 22
42 97 12.6491
42 98 19.8746
42 99 22.1359
42 100 17.6918
42 101 21.3542
42 102 16.3707
42 103 22.383
42 104 19.8242
42 105 20.9284
42 106 19.7484
42 107 20.3224
42 108 17.8606
42 109 18.3303
42 110 21.5407
42 111 19.1572
42 112 19.9249
42 113 17.3205
42 114 16.4317
42 115 21.0476
42 116 26.1534
42 117 19.3132
42 118 21.5174
42 119 24.4131
43 44 19.5704
43 45 20.025
43 46 18.735
43 47 25.0599
43 48 19.1311
43 49 19.3649
43 50 18.412
43 51 16.5227
43 52 19.0263
43 53 18.303
43 54 21.3776
43 55 21.587
43 56 16.4621
43 57 20.3715
43 58 17.2047
43 59 21.4243
43 60 19.9249
43 61 22.4944
43 62 17.9722
43 63 16.6132
43 64 19.5704
43 65 17.6068
43 66 17.4642
43 67 21.0476
43 68 17.6918
43 69 16.0312
43 70 17.6352
43 71 21.095
43 72 18.3848
43 73 24.2074
43 74 23.6008
43 75 14.8324
43 76 17.4642
43 77 18.3303
43 78 19.0263
43 79 18.6279
43 80 16.0624
43 81 22.4499
43 82 22.9347
43 83 22.0454
43 84 21.2838
43 85 19.5959
43 86 20.2978
43 87 17.9722
43 88 19.7484
43 89 19.4422
43 90 25.5147
43 91 18.3303
43 92 19.7231
43 93 20.4206
43 94 13.6748
43 95 21.3776
43 96 18
43 97 15.0997
43 98 19.8242
43 99 23.4094
43 100 14.4568
43 101 19.4422
43 102 14.1421
43 103 23.2594
43 104 15.3297
43 105 21.587
43 106 22.3159
43 107 20.5183
43 108 18.5742
43 109 18.1659
43 110 21.7256
43 111 14.3178
43 112 21
43 113 17.2047
43 114 17.3781
43 115 21.3776
43 116 25.219
43 117 23.1733
43 118 21.0476
43 119 25.7294
44 45 22.891
44 46 5.47723
44 47 24.5561
44 48 13.5277
44 49 9.48683
44 50 18.9209
44 51 20.4939
44 52 22.2486
44 53 12.2474
44 54 13.0384
44 55 11.3578
44 56 12
44 57 18.4932
44 58 17.2337
44 59 25.3377
44 60 21.5407
44 61 10.6301
44 62 19.3391
44 63 22.0227
44 64 16.4924
44 65 9.43398
44 66 20
44 67 9.48683
44 68 21.2132
44 69 20.0998
44 70 14.9666
44 71 22.7596
44 72 14.1067
44 73 27.9464
44 74 28.6007
44 75 22.1585
44 76 22.4944
44 77 8.544
44 78 19.8746
44 79 20.8806
44 80 11.0905
44 81 27.9464
44 82 24.5153
44 83 11
44 84 22.5832
44 85 13.2288
44 86 20.3715
44 87 11.1355
44 88 18.2483
44 89 6.7082
44 90 29.8329
44 91 18.412
44 92 12.2474
44 93 14.0712
44 94 19.8494
44 95 12.7279
44 96 20.2731
44 97 15.5242
44 98 19.0263
44 99 23.0434
44 100 18.2209
44 101 13.7477
44 102 19.8242
44 103 26.9815
44 104 21.2603
44 105 13.8924
44 106 16.7033
44 107 23.4521
44 108 16.8523
44 109 8.18535
44 110 27.4773
44 111 22.2711
44 112 4.69042
44 113 22.1585
44 114 16.0935
44 115 19.1833
44 116 30.9031
44 117 17.8885
44 118 16
44 119 28.0535
45 46 21.8174
45 47 22.9129
45 48 23.6008
45 49 21.6795
45 50 22.7596
45 51 26.1151
45 52 22.0227
45 53 23.2809
45 54 20.6882
45 55 21.7486
45 56 21.8632
45 57 24.5357
45 58 22.6936
45 59 21.6333
45 60 20.199
45 61 22.0227
45 62 23.3238
45 63 21.1896
45 64 23.4947
45 65 21.6564
45 66 24.7386
45 67 23.3666
45 68 25.8457
45 69 17.8885
45 70 19.6469
45 71 25.02
45 72 22.2036
45 73 25.2389
45 74 25.0599
45 75 20.9523
45 76 19.3391
45 77 22.4722
45 78 26.0576
45 79 24.6982
45 80 22.0227
45 81 21.1424
45 82 22.1133
45 83 21.4243
45 84 21.3542
45 85 19.3132
45 86 24.3105
45 87 23.5797
45 88 25.865
45 89 21.5639
45 90 24.1247
45 91 22.383
45 92 19.6977
45 93 20.347
45 94 19.3391
45 95 20.5426
45 96 20.6155
45 97 23.0868
45 98 19.6469
45 99 23.2594
45 100 21.8174
45 101 19.3132
45 102 21.5174
45 103 21.0238
45 104 20.0499
45 105 20.7123
45 106 25.318
45 107 21.4009
45 108 23.8747
45 109 20.4206
45 110 21.3307
45 111 19.6977
45 112 22.6716
45 113 21.2368
45 114 23.1301
45 115 22.9783
45 116 21.4709
45 117 25.6125
45 118 24
45 119 24.8797
46 47 24.4745
46 48 13.8203
46 49 10.8628
46 50 18
46 51 19.8494
46 52 21.2368
46 53 8.7178
46 54 10.583
46 55 12.9228
46 56 11.5758
46 57 18.7617
46 58 15.906
46 59 23.3238
46 60 21.3073
46 61 11.619
46 62 17.2047
46 63 21.3307
46 64 14.3527
46 65 5.19615
46 66 17.8885
46 67 5.65685
46 68 20.9762
46 69 19.2873
46 70 13.4907
46 71 23.1948
46 72 13.4536
46 73 27.3313
46 74 28.2489
46 75 19.975
46 76 22.0454
46 77 8.42615
46 78 19.3649
46 79 20.8806
46 80 9.21954
46 81 27.1477
46 82 25.04
46 83 9.94987
46 84 21.8174
46 85 11.5326
46 86 20.6155
46 87 10.3923
46 88 15.5885
46 89 4.3589
46 90 28
46 91 17.6352
46 92 11.8322
46 93 12.49
46 94 18.2757
46 95 11.3137
46 96 19.8746
46 97 14.8661
46 98 18.0555
46 99 20.9045
46 100 15.6205
46 101 12.2882
46 102 18.3576
46 103 25.8844
46 104 19.1311
46 105 10.9087
46 106 15.843
46 107 21.0713
46 108 13.3417
46 109 4.58258
46 110 27.1109
46 111 20.6398
46 112 7.48331
46 113 20.4206
46 114 14.6629
46 115 15.748
46 116 29.2404
46 117 15.4272
46 118 14.1421
46 119 26.5518
47 48 23.1517
47 49 26.096
47 50 21.6102
47 51 23.4307
47 52 20.9284
47 53 25.1197
47 54 26.7769
47 55 26.0384
47 56 22.6495
47 57 22.6053
47 58 23.7487
47 59 19.1572
47 60 19.5704
47 61 25.4165
47 62 21.7025
47 63 21.8632
47 64 21.6564
47 65 25.1794
47 66 23
47 67 25.3574
47 68 23.0868
47 69 19.975
47 70 24.8797
47 71 20.5183
47 72 24.2899
47 73 21.2603
47 74 17.6352
47 75 21.2132
47 76 21.5639
47 77 23.8328
47 78 21.8632
47 79 23.5584
47 80 23.5797
47 81 18.7617
47 82 21.4476
47 83 25.8844
47 84 17.6918
47 85 26.6833
47 86 27.3496
47 87 24.8395
47 88 21.3073
47 89 24.9399
47 90 19.6723
47 91 21.3542
47 92 26.2488
47 93 27.4408
47 94 21.095
47 95 26.096
47 96 26.3439
47 97 21.4942
47 98 20.9045
47 99 19.6469
47 100 26.1343
47 101 26.9444
47 102 21.8632
47 103 19.0526
47 104 24.0624
47 105 27.0924
47 106 25.0998
47 107 22.6053
47 108 24.5153
47 109 25.2587
47 110 19.3907
47 111 26.6271
47 112 24.4336
47 113 21.0238
47 114 22.3159
47 115 27.2213
47 116 20.0499
47 117 21.9773
47 118 26.0192
47 119 20.347
48 49 14.3178
48 50 15.3948
48 51 18.0831
48 52 18.9737
48 53 17.5784
48 54 16.0312
48 55 14.5602
48 56 15.7797
48 57 8.42615
48 58 18.9209
48 59 24.6374
48 60 21.4243
48 61 14.5602
48 62 11.7898
48 63 19.5448
48 64 14.3178
48 65 14.9666
48 66 11.4455
48 67 16.4012
48 68 15.4596
48 69 22.5167
48 70 17
48 71 20.1742
48 72 16.3095
48 73 21.6795
48 74 26.8142
48 75 19.5448
48 76 23.1733
48 77 15.0997
48 78 18.4391
48 79 17.8606
48 80 16.6132
48 81 24.8193
48 82 22.2711
48 83 15.0997
48 84 19.9249
48 85 15.0333
48 86 16.7929
48 87 17.4642
48 88 17.0294
48 89 14.1421
48 90 24.5561
48 91 18.6548
48 92 14.3178
48 93 16.1555
48 94 18.5203
48 95 15.2643
48 96 20.6398
48 97 11.225
48 98 19.0526
48 99 23.2809
48 100 15.4596
48 101 15.2315
48 102 15.9374
48 103 23.6432
48 104 23.3024
48 105 16.6132
48 106 12.2474
48 107 18.1934
48 108 19.3649
48 109 14
48 110 23.1517
48 111 18.1384
48 112 13.4536
48 113 22.2711
48 114 15.4272
48 115 21.3307
48 116 28.3901
48 117 16.8819
48 118 19.6723
48 119 23.6643
49 50 18.868
49 51 20
49 52 23.2594
49 53 15.748
49 54 11.1355
49 55 7.14143
49 56 12.8841
49 57 17.8885
49 58 17
49 59 25.3772
49 60 21.0713
49 61 11.619
49 62 19.4422
49 63 22.9129
49 64 16.2481
49 65 12.6886
49 66 20.445
49 67 14.1421
49 68 22.3607
49 69 20.445
49 70 16.3707
49 71 23.0217
49 72 10.6301
49 73 25.671
49 74 27.7849
49 75 22.9129
49 76 24.4949
49 77 13.2288
49 78 17.5784
49 79 20.199
49 80 15.3297
49 81 27.5136
49 82 24.6374
49 83 9.94987
49 84 20.7846
49 85 9.94987
49 86 16.5227
49 87 14
49 88 19.4165
49 89 12.6095
49 90 29.9333
49 91 18.8944
49 92 8.24621
49 93 8.3666
49 94 20.5913
49 95 14.0712
49 96 17.6918
49 97 19
49 98 20.347
49 99 24.5153
49 100 16.9706
49 101 9.84886
49 102 19.1572
49 103 25.9615
49 104 22.0907
49 105 12.9228
49 106 17.9165
49 107 22.7156
49 108 19.2873
49 109 10.4403
49 110 25.3969
49 111 20.347
49 112 10.0995
49 113 22.8692
49 114 18.5742
49 115 19.6469
49 116 31
49 117 18.3303
49 118 16.5529
49 119 28.8617
50 51 12.8841
50 52 15.0665
50 53 20.0499
50 54 16.9706
50 55 18.8944
50 56 15.3623
50 57 14.8997
50 58 17.9165
50 59 18
50 60 21.4476
50 61 18.5742
50 62 15.6844
50 63 16.5227
50 64 14.8324
50 65 19.7737
50 66 17.3205
50 67 17.72
50 68 11.8322
50 69 19.9499
50 70 19.0788
50 71 20.5913
50 72 17.1172
50 73 18.735
50 74 23.1517
50 75 16.5227
50 76 21.2603
50 77 19.4679
50 78 15.1327
50 79 14
50 80 18.4662
50 81 22.561
50 82 19.8242
50 83 16.4012
50 84 21.4476
50 85 18.5742
50 86 13.8924
50 87 19.8494
50 88 15.5885
50 89 18.4662
50 90 21.4009
50 91 18.0278
50 92 18.7617
50 93 18.1659
50 94 12
50 95 19.1311
50 96 17.5214
50 97 17.8606
50 98 15.5563
50 99 20.3715
50 100 16.8523
50 101 19.1572
50 102 13.7477
50 103 18.7083
50 104 19.1833
50 105 17.4642
50 106 15.3297
50 107 14.1421
50 108 18.1659
50 109 17.9165
50 110 18.7883
50 111 17.4929
50 112 18.2757
50 113 14.9332
50 114 19.6214
50 115 19.4936
50 116 25
50 117 16.9706
50 118 19.4936
50 119 22.561
51 52 14.8661
51 53 19.0788
51 54 20.5913
51 55 20.6155
51 56 18.0555
51 57 15.8745
51 58 18.1934
51 59 19.3907
51 60 21.6795
51 61 21.1896
51 62 17.3205
51 63 17.5214
51 64 18.4391
51 65 20.9523
51 66 16.1245
51 67 19.6977
51 68 13.0384
51 69 17.4929
51 70 20.2485
51 71 19.3391
51 72 17.8606
51 73 20.4695
51 74 22.3159
51 75 15.7797
51 76 21.4942
51 77 18.8414
51 78 13.3041
51 79 9.05539
51 80 18.3576
51 81 21.095
51 82 20.025
51 83 19.6723
51 84 18.8149
51 85 21.6102
51 86 15.1987
51 87 17.7764
51 88 15.906
51 89 21.3776
51 90 22.7156
51 91 15.843
51 92 21.2603
51 93 20.8806
51 94 16.1245
51 95 22.6274
51 96 17.2916
51 97 18.0831
51 98 16.6132
51 99 19.7231
51 100 16.6132
51 101 21.9773
51 102 14.3178
51 103 21.0238
51 104 18.3303
51 105 21.3776
51 106 15.843
51 107 16.1245
51 108 21.2132
51 109 20.6155
51 110 21.2368
51 111 15.4272
51 112 20.2978
51 113 18.0278
51 114 19.3649
51 115 19.3907
51 116 26.4764
51 117 15.3623
51 118 17.4356
51 119 24.0208
52 53 21.1424
52 54 22.1133
52 55 23.6643
52 56 20.5183
52 57 16.2788
52 58 21.3542
52 59 21.6102
52 60 20.3224
52 61 23.0651
52 62 17.9722
52 63 18.6011
52 64 19.2094
52 65 22.2261
52 66 16.8226
52 67 20.9523
52 68 16.1555
52 69 15.5242
52 70 21.2368
52 71 20.2731
52 72 22
52 73 22.7596
52 74 22.1133
52 75 14.1421
52 76 24.2693
52 77 21.1187
52 78 19.7484
52 79 14.7309
52 80 20
52 81 20
52 82 21.5407
52 83 21.7256
52 84 21.7945
52 85 23.1517
52 86 21.1187
52 87 20.8087
52 88 16.9706
52 89 21.8174
52 90 17.3494
52 91 18.2757
52 92 23.3452
52 93 23.2164
52 94 16.4621
52 95 23.2164
52 96 20.5426
52 97 17.2047
52 98 14.4568
52 99 18.6548
52 100 19.8746
52 101 23.622
52 102 16.5529
52 103 20.5183
52 104 15.843
52 105 22.3607
52 106 17.5499
52 107 14.1067
52 108 22.2486
52 109 21.587
52 110 20.3961
52 111 16.2173
52 112 22.1585
52 113 15.1658
52 114 17.72
52 115 21.2368
52 116 22.9347
52 117 16.5831
52 118 21
52 119 21.4476
53 54 15.5563
53 55 17.6918
53 56 12.083
53 57 21.5407
53 58 12.2882
53 59 22.0454
53 60 21.3073
53 61 16.7631
53 62 18.1108
53 63 20.4695
53 64 14.2829
53 65 7.93725
53 66 17.6635
53 67 8.7178
53 68 21.587
53 69 18
53 70 13.9284
53 71 24.3721
53 72 13
53 73 29
53 74 27.4591
53 75 19.3132
53 76 23.0651
53 77 8.06226
53 78 19.5192
53 79 22.2261
53 80 6.08276
53 81 26.8887
53 82 25.9037
53 83 15.1987
53 84 20.3961
53 85 16.5831
53 86 22.9129
53 87 6.63325
53 88 15.5885
53 89 11.8743
53 90 27.3861
53 91 18.735
53 92 16.9115
53 93 17.0294
53 94 18.4391
53 95 16.5529
53 96 20.7123
53 97 16.2173
53 98 18
53 99 19.975
53 100 12.8841
53 101 17.1756
53 102 16.5831
53 103 27.4226
53 104 16.6733
53 105 15.7797
53 106 16.5227
53 107 19.0263
53 108 10.8628
53 109 11.3578
53 110 28.2666
53 111 21.1187
53 112 13.6382
53 113 19.105
53 114 13.7477
53 115 12.1655
53 116 27.8029
53 117 15.4919
53 118 9.69536
53 119 26.0576
54 55 11.3578
54 56 15.0333
54 57 18.9737
54 58 18.412
54 59 22.5832
54 60 22.2711
54 61 11.1803
54 62 18.0555
54 63 23.6854
54 64 16.1864
54 65 12.7671
54 66 19.6469
54 67 10.6771
54 68 21.2603
54 69 21.9089
54 70 13.5647
54 71 25.8457
54 72 14.8661
54 73 26.0192
54 74 29.9666
54 75 21.9773
54 76 24.3311
54 77 15.3297
54 78 20.664
54 79 20.2978
54 80 15.5885
54 81 28.8271
54 82 25
54 83 4.58258
54 84 23.7065
54 85 6.40312
54 86 18.735
54 87 16.4317
54 88 17.9722
54 89 10.247
54 90 27.4591
54 91 19.7231
54 92 8.48528
54 93 5.47723
54 94 19.7484
54 95 9.48683
54 96 19.4165
54 97 19.0526
54 98 19.7484
54 99 22.2486
54 100 16.2481
54 101 7.68115
54 102 20.2237
54 103 23.9583
54 104 22.3159
54 105 2.23607
54 106 15.5242
54 107 20
54 108 17.72
54 109 7.81025
54 110 26.0576
54 111 19.3907
54 112 12.083
54 113 21.9773
54 114 18.1934
54 115 14.2127
54 116 29.1376
54 117 15.2971
54 118 15.748
54 119 27.3679
55 56 15.0665
55 57 16.8226
55 58 17.5499
55 59 24.7588
55 60 21.5174
55 61 6.32456
55 62 19
55 63 24.0832
55 64 18.0278
55 65 15.1658
55 66 21.2368
55 67 15.906
55 68 22.2036
55 69 22.9129
55 70 13.9642
55 71 24.2281
55 72 12.2474
55 73 26.1534
55 74 29.5466
55 75 23.4521
55 76 25.1197
55 77 12.8841
55 78 18.4391
55 79 18.7883
55 80 16.8523
55 81 29.2575
55 82 23.8328
55 83 8.60233
55 84 22.1133
55 85 9.27362
55 86 16.6733
55 87 16.0935
55 88 22
55 89 13.4164
55 90 29.2746
55 91 18.1659
55 92 6.08276
55 93 10.0499
55 94 21.3776
55 95 10.8167
55 96 17.5499
55 97 19.6977
55 98 21.095
55 99 24.5357
55 100 18.8414
55 101 9.27362
55 102 20.5426
55 103 26.4764
55 104 24.3516
55 105 12.9615
55 106 17.3205
55 107 22.6936
55 108 21.5174
55 109 12.6491
55 110 25.8844
55 111 20.4695
55 112 8.77496
55 113 24.7386
55 114 20.3961
55 115 19.2614
55 116 30.0666
55 117 18.3576
55 118 16.4621
55 119 29.6985
56 57 18.6548
56 58 8.06226
56 59 22.6274
56 60 20.0499
56 61 15.7162
56 62 17.4356
56 63 18.1384
56 64 9.89949
56 65 13.1529
56 66 19.1311
56 67 12.4097
56 68 17.72
56 69 17.088
56 70 14.5602
56 71 22.4054
56 72 8.30662
56 73 26.5141
56 74 26.1916
56 75 20.5183
56 76 22.891
56 77 11.619
56 78 15.4596
56 79 20.8327
56 80 8.88819
56 81 26.8514
56 82 24.1039
56 83 13.9642
56 84 21.166
56 85 15.9687
56 86 20.9523
56 87 10.3923
56 88 15.4596
56 89 13.6748
56 90 27.1662
56 91 19.9249
56 92 15.5563
56 93 15.3623
56 94 16.9706
56 95 17.2047
56 96 19.4679
56 97 16.0935
56 98 19.2354
56 99 21.8861
56 100 13.2665
56 101 16.4012
56 102 14.2478
56 103 24.3721
56 104 18.8149
56 105 15.9687
56 106 16.8226
56 107 19.1311
56 108 10.0995
56 109 12.9228
56 110 24.0208
56 111 22
56 112 12.9615
56 113 16.8226
56 114 14.3875
56 115 15.6844
56 116 27.1477
56 117 17.4356
56 118 13.1149
56 119 25.7488
57 58 20.5183
57 59 24.98
57 60 22.4499
57 61 17.0587
57 62 11.225
57 63 19.6723
57 64 16.0624
57 65 19.975
57 66 12
57 67 20.4939
57 68 15.2971
57 69 22.3159
57 70 19.6469
57 71 18.6548
57 72 18.1384
57 73 20.0749
57 74 26.6833
57 75 18.0278
57 76 25.1794
57 77 18.9473
57 78 16.4012
57 79 14
57 80 20.567
57 81 24.0624
57 82 22.1133
57 83 17.7482
57 84 20.5426
57 85 18.2483
57 86 17.1172
57 87 21.1187
57 88 18.0831
57 89 19.1572
57 90 21.7715
57 91 17.2916
57 92 17.3205
57 93 18.9737
57 94 19.5448
57 95 18.4391
57 96 19.975
57 97 14.5258
57 98 19.6977
57 99 22.1585
57 100 18.1659
57 101 18.412
57 102 16.1555
57 103 21.7256
57 104 23.7065
57 105 19.6723
57 106 13.8924
57 107 17.2047
57 108 22.4054
57 109 18.8944
57 110 21.4709
57 111 16.2481
57 112 17.4356
57 113 22.6053
57 114 19.0526
57 115 23.1517
57 116 26.9629
57 117 16
57 118 21.587
57 119 23.4734
58 59 21.3776
58 60 20.3224
58 61 18.1108
58 62 17.6352
58 63 18.8149
58 64 11.7898
58 65 15.9374
58 66 19.3649
58 67 16.3401
58 68 19.0526
58 69 18.1384
58 70 13.8203
58 71 24.3516
58 72 8.3666
58 73 27.7489
58 74 26.4764
58 75 20.347
58 76 24.4745
58 77 12.49
58 78 15.748
58 79 21.4243
58 80 10.198
58 81 27.5681
58 82 24.8596
58 83 17.4356
58 84 20.3224
58 85 18.5472
58 86 22.4499
58 87 11.1803
58 88 17.9444
58 89 18.2209
58 90 26.2869
58 91 20.445
58 92 17.9722
58 93 18.4662
58 94 17.9165
58 95 19.4165
58 96 19.7484
58 97 18.2209
58 98 20.4695
58 99 21.9089
58 100 11.9583
58 101 18.8149
58 102 13.5647
58 103 26.096
58 104 18.8414
58 105 19.1833
58 106 18.1108
58 107 17.5214
58 108 11.4455
58 109 17.2627
58 110 24.8596
58 111 21.8861
58 112 17.1172
58 113 17.6635
58 114 15.8745
58 115 13.3791
58 116 25.1794
58 117 18.1384
58 118 10.5357
58 119 26.3059
59 60 18.6011
59 61 23.9374
59 62 22.1811
59 63 19.4679
59 64 22.7156
59 65 23.4734
59 66 22.891
59 67 22.8473
59 68 20.7846
59 69 21.9545
59 70 20.5913
59 71 22.5832
59 72 22.6936
59 73 18.6815
59 74 20.6398
59 75 17.9722
59 76 18.3303
59 77 22.6053
59 78 22.5167
59 79 20.347
59 80 21.6564
59 81 22.383
59 82 19.5192
59 83 22.6936
59 84 19.4936
59 85 23.2164
59 86 20.9523
59 87 22.8035
59 88 22.2935
59 89 23.8537
59 90 20.0998
59 91 19.2614
59 92 23.7065
59 93 23.7065
59 94 14.5602
59 95 23.1948
59 96 19.3649
59 97 23.6008
59 98 18
59 99 18.4662
59 100 20.6882
59 101 23.6432
59 102 17.9165
59 103 18.6011
59 104 19.2354
59 105 22.561
59 106 22.3383
59 107 17.1464
59 108 22.891
59 109 23.1733
59 110 22.2935
59 111 20.2485
59 112 24.5357
59 113 18.8944
59 114 23.3452
59 115 19.5959
59 116 19.6214
59 117 21.8632
59 118 20.8806
59 119 21
60 61 22.0681
60 62 22.7156
60 63 22.1133
60 64 21.2132
60 65 21.7486
60 66 22.6716
60 67 22.4944
60 68 21.2132
60 69 18.7617
60 70 19.799
60 71 17.2047
60 72 20.4695
60 73 21.5639
60 74 17.2047
60 75 21.5639
60 76 22
60 77 20.0749
60 78 22.9129
60 79 21.3073
60 80 19.7231
60 81 22.1585
60 82 21.0476
60 83 21.8403
60 84 18.5472
60 85 21.6564
60 86 22.9129
60 87 20.0998
60 88 22.4722
60 89 21.9773
60 90 20.6882
60 91 22.1585
60 92 21.2603
60 93 22
60 94 20.2485
60 95 22.5389
60 96 20.7123
60 97 20.664
60 98 21.0238
60 99 16.9411
60 100 20.8327
60 101 21.7486
60 102 19.2094
60 103 19.799
60 104 21.0238
60 105 22.7816
60 106 21.9317
60 107 20.9762
60 108 23.4094
60 109 21.3307
60 110 22.1133
60 111 21.9089
60 112 21.5407
60 113 22.5167
60 114 18.9473
60 115 22.1359
60 116 23.0868
60 117 22.891
60 118 21.0238
60 119 17.4069
61 62 18.3576
61 63 24.1661
61 64 18.5742
61 65 14.4914
61 66 20.9523
61 67 14.0357
61 68 21.3776
61 69 23.6854
61 70 11.4455
61 71 25.04
61 72 15.0333
61 73 27.4226
61 74 30.8058
61 75 22.9347
61 76 24.2281
61 77 11.225
61 78 20.3961
61 79 18.7883
61 80 15.6205
61 81 30.133
61 82 23.6643
61 83 7.87401
61 84 23.8537
61 85 10.0995
61 86 19.1311
61 87 16.0935
61 88 21.9089
61 89 10.7703
61 90 28.4429
61 91 17.8326
61 92 8.06226
61 93 12.6886
61 94 21
61 95 7
61 96 19.1833
61 97 18.2209
61 98 20.6155
61 99 23.3666
61 100 19.6723
61 101 10.6771
61 102 21.4009
61 103 26.7021
61 104 24.5967
61 105 12
61 106 16.1245
61 107 22.5167
61 108 20.7605
61 109 11.8322
61 110 27.0924
61 111 21.1424
61 112 6.40312
61 113 24.7386
61 114 19.6977
61 115 17.8606
61 116 29.2575
61 117 17.5784
61 118 16.0935
61 119 29.2233
62 63 20.4206
62 64 13.0384
62 65 16.0935
62 66 7.2111
62 67 19.0788
62 68 17.088
62 69 21.9089
62 70 16.6733
62 71 21.7715
62 72 17.2337
62 73 21.3776
62 74 25.9615
62 75 14.3178
62 76 23.2809
62 77 17.9165
62 78 15.3297
62 79 17.72
62 80 17.9722
62 81 23.8537
62 82 25.5147
62 83 18.5203
62 84 19.8997
62 85 16.4621
62 86 20.7123
62 87 20.347
62 88 14.5258
62 89 17.5784
62 90 19.6977
62 91 16.2788
62 92 16.7929
62 93 18.3848
62 94 16.9115
62 95 16.5529
62 96 21.8861
62 97 12.0416
62 98 20.8327
62 99 21.0476
62 100 14.8324
62 101 16.5831
62 102 15.1327
62 103 22.4054
62 104 21.6795
62 105 17.9165
62 106 17.1172
62 107 16.4924
62 108 16.9115
62 109 16.6433
62 110 20.9045
62 111 16.3095
62 112 18.9209
62 113 19.6723
62 114 16.7631
62 115 19.799
62 116 24.2693
62 117 14.2127
62 118 20.4939
62 119 22.561
63 64 19.105
63 65 21.9089
63 66 19.8746
63 67 21.5174
63 68 17.4642
63 69 19.0526
63 70 22.2036
63 71 17.8606
63 72 19.8997
63 73 21.4942
63 74 22.8692
63 75 16.5529
63 76 19.6723
63 77 20.6882
63 78 20.5913
63 79 19.6214
63 80 19.0263
63 81 20.5913
63 82 17.5499
63 83 23.1084
63 84 18.8414
63 85 24.3311
63 86 19.8997
63 87 19.8242
63 88 20.7364
63 89 22.6274
63 90 24.0624
63 91 19.1833
63 92 24.1868
63 93 24.1454
63 94 13.5277
63 95 24.8797
63 96 17.3205
63 97 19.6977
63 98 12.3693
63 99 21.1187
63 100 17.5214
63 101 24.6577
63 102 11.5758
63 103 20.8567
63 104 16.0935
63 105 24.1661
63 106 19.4936
63 107 14.1067
63 108 19.975
63 109 22.2261
63 110 24.4131
63 111 17.9165
63 112 22.5167
63 113 16.6132
63 114 20.7846
63 115 22.3383
63 116 23.7908
63 117 22.7816
63 118 20.9523
63 119 21.3542
64 65 14.3875
64 66 15.3623
64 67 14.6969
64 68 17.9444
64 69 19.9499
64 70 17.9444
64 71 22.2711
64 72 10.8167
64 73 23.7276
64 74 25.923
64 75 18.2483
64 76 25.6515
64 77 15.9687
64 78 13.3791
64 79 20.5426
64 80 14.0357
64 81 25.5147
64 82 25.865
64 83 16.1555
64 84 19.8997
64 85 17.1172
64 86 21.5639
64 87 15.5563
64 88 10.3441
64 89 16.5227
64 90 24.2899
64 91 19.4165
64 92 17.3781
64 93 16.4924
64 94 17.4929
64 95 18.7617
64 96 20.2731
64 97 16.4012
64 98 20.2978
64 99 20.2731
64 100 14.1421
64 101 17.5214
64 102 12.3693
64 103 22.6716
64 104 19.5448
64 105 16.7631
64 106 16.7033
64 107 15.8745
64 108 10
64 109 15
64 110 23.8537
64 111 21.8174
64 112 17.088
64 113 18.1934
64 114 14.2478
64 115 17.088
64 116 27.037
64 117 13.6382
64 118 16.1245
64 119 23.6008
65 66 16.7631
65 67 9.11043
65 68 22.6936
65 69 19.6214
65 70 14.1774
65 71 23.8956
65 72 13.8564
65 73 27.5681
65 74 28.0891
65 75 18.7617
65 76 22.2935
65 77 9.89949
65 78 19.3907
65 79 22.3383
65 80 10.0995
65 81 26.7208
65 82 26.7955
65 83 13.3417
65 84 21.1424
65 85 12.083
65 86 21.8174
65 87 11.7898
65 88 15.5563
65 89 7.61577
65 90 27.7669
65 91 17.6635
65 92 12.7671
65 93 13.6015
65 94 18.1934
65 95 12.6886
65 96 20.445
65 97 14.9666
65 98 19.4165
65 99 21.2603
65 100 14.7309
65 101 12.49
65 102 18.0555
65 103 26.8142
65 104 18.303
65 105 12.7279
65 106 18.4391
65 107 21.3307
65 108 12.2882
65 109 6.16441
65 110 27.2764
65 111 20.0749
65 112 11.5326
65 113 20.6398
65 114 14.9666
65 115 16.4012
65 116 28.7054
65 117 16.4621
65 118 15.4596
65 119 26.7582
66 67 19.2873
66 68 16.0624
66 69 21.166
66 70 18.3303
66 71 21.4476
66 72 19.2614
66 73 21.5639
66 74 24.9399
66 75 15.1327
66 76 22.9783
66 77 18.4662
66 78 18.1384
66 79 18.2209
66 80 17.8606
66 81 22.3383
66 82 24.7992
66 83 20.2731
66 84 18.8149
66 85 18.735
66 86 20.5183
66 87 19.4422
66 88 14.5258
66 89 18.6279
66 90 20.0499
66 91 17.9722
66 92 19.2354
66 93 19.8997
66 94 17.7764
66 95 19.3907
66 96 23.1301
66 97 10.3441
66 98 19.6469
66 99 21.7945
66 100 13.3417
66 101 18.8944
66 102 15.1327
66 103 23.1084
66 104 21.2132
66 105 19.5704
66 106 15.1327
66 107 15.748
66 108 18.7617
66 109 17.5784
66 110 21.7945
66 111 15.4919
66 112 20.3961
66 113 19.7737
66 114 14.8661
66 115 20
66 116 25.5147
66 117 14.7648
66 118 20.347
66 119 21.3307
67 68 20.8327
67 69 19.5959
67 70 14.8997
67 71 24.5357
67 72 15
67 73 28.3725
67 74 29.1548
67 75 21.095
67 76 23.4094
67 77 10.8167
67 78 20.8087
67 79 21.587
67 80 9.64365
67 81 28.1247
67 82 25.3574
67 83 10.1489
67 84 23.2379
67 85 14.2478
67 86 21.9317
67 87 10.583
67 88 15.0665
67 89 7.54983
67 90 28.0357
67 91 19.4679
67 92 15.1658
67 93 14.0712
67 94 19.0788
67 95 13.784
67 96 21.095
67 97 17.0587
67 98 17.5499
67 99 20.0749
67 100 15.9374
67 101 15.3297
67 102 18.9473
67 103 25.6905
67 104 19.2354
67 105 10.8167
67 106 14.4568
67 107 19.9499
67 108 12.8841
67 109 7.81025
67 110 28.4077
67 111 21.9545
67 112 10.4881
67 113 19.9249
67 114 15.2643
67 115 13.2665
67 116 29.6142
67 117 14.2829
67 118 12.5698
67 119 26.2107
68 69 21.7256
68 70 18.5472
68 71 22.3159
68 72 20.9045
68 73 21.5639
68 74 24.98
68 75 19.6723
68 76 21.2132
68 77 20.1742
68 78 19.7737
68 79 14.6969
68 80 18.412
68 81 24.1454
68 82 18.735
68 83 20.5183
68 84 22.6716
68 85 22.2036
68 86 18.7883
68 87 20.0499
68 88 17.7482
68 89 20.9045
68 90 23.2379
68 91 21.7945
68 92 22.1811
68 93 22.4944
68 94 16.6132
68 95 21.8632
68 96 21.7945
68 97 14.1067
68 98 19.2873
68 99 23.388
68 100 16.9115
68 101 22.6936
68 102 15.0665
68 103 21.2132
68 104 23.1084
68 105 21.5639
68 106 13.6015
68 107 16.1864
68 108 21.4009
68 109 21.095
68 110 21.7945
68 111 19.6977
68 112 20.7364
68 113 19.7737
68 114 15.7162
68 115 20.347
68 116 26.6646
68 117 19.4936
68 118 20.3961
68 119 23
69 70 20.9762
69 71 20.7846
69 72 18.735
69 73 25.5147
69 74 19.8997
69 75 18.5203
69 76 21.0713
69 77 19.0526
69 78 19.7737
69 79 20.3961
69 80 16.7631
69 81 17.8606
69 82 21.095
69 83 21.7945
69 84 18.2757
69 85 22.561
69 86 23.6854
69 87 16.8523
69 88 19.1572
69 89 20.9045
69 90 22.3607
69 91 20.664
69 92 22.6274
69 93 21.8632
69 94 19.0788
69 95 24.1247
69 96 21.5174
69 97 19.7737
69 98 16.8523
69 99 18.6279
69 100 18.3303
69 101 22.8254
69 102 18.6279
69 103 20.7364
69 104 14.8997
69 105 22.4722
69 106 22.0227
69 107 20.0499
69 108 19.3907
69 109 19.9249
69 110 18.4662
69 111 19.1833
69 112 21.4009
69 113 15.3948
69 114 18.9473
69 115 20.5913
69 116 21.1896
69 117 20.2978
69 118 19.0263
69 119 22.9129
70 71 26.4953
70 72 15.7162
70 73 28.3373
70 74 29.1548
70 75 20.5183
70 76 21.4476
70 77 10.7238
70 78 21.7486
70 79 19.9499
70 80 11.2694
70 81 28.8964
70 82 23.2594
70 83 13
70 84 23.1084
70 85 12.2066
70 86 22.1585
70 87 14
70 88 20.9045
70 89 12.6095
70 90 25.6905
70 91 19.2614
70 92 12.1655
70 93 15.2315
70 94 18.4391
70 95 9.79796
70 96 20.7123
70 97 14.5258
70 98 20.2978
70 99 22.6495
70 100 14.4914
70 101 12.6886
70 102 18.9473
70 103 26.2679
70 104 21.8174
70 105 13.3791
70 106 16.1555
70 107 19.5959
70 108 17.4356
70 109 12.9228
70 110 25.671
70 111 19.2873
70 112 13.1149
70 113 21.2368
70 114 14.7309
70 115 11.8322
70 116 24.9199
70 117 18.1659
70 118 13.1909
70 119 27.074
71 72 22.6053
71 73 16.7033
71 74 19.799
71 75 19.5192
71 76 23.2809
71 77 23.3452
71 78 20.2237
71 79 19.4422
71 80 23.8118
71 81 20.0749
71 82 23.3452
71 83 24.8797
71 84 18.3848
71 85 25.7099
71 86 21.6102
71 87 23.622
71 88 22.2486
71 89 24.4745
71 90 21.166
71 91 19.5192
71 92 24.98
71 93 25.5343
71 94 20.6398
71 95 26.533
71 96 20.567
71 97 22.0227
71 98 19.3907
71 99 18.7883
71 100 23.5372
71 101 25.8263
71 102 18.735
71 103 21.0713
71 104 21.2603
71 105 26.5895
71 106 23.0868
71 107 21.8632
71 108 25.219
71 109 24.1454
71 110 24.3105
71 111 20.347
71 112 23.3238
71 113 22.9565
71 114 24.4745
71 115 28.2135
71 116 25.2784
71 117 23.1948
71 118 25.6515
71 119 17.2337
72 73 25.4951
72 74 26.2869
72 75 20.6398
72 76 25.318
72 77 12.4097
72 78 12.8062
72 79 20.025
72 80 12.8062
72 81 26.8701
72 82 24.8193
72 83 13.6382
72 84 18.6815
72 85 14.6287
72 86 18.2757
72 87 11.7898
72 88 17.2627
72 89 16.4317
72 90 27.4044
72 91 18.4932
72 92 13.4536
72 93 13.3791
72 94 18.5742
72 95 17.4069
72 96 16.7929
72 97 19.5448
72 98 19.9249
72 99 22
72 100 13.2288
72 101 14.6969
72 102 14.2127
72 103 25.318
72 104 19.3649
72 105 16.3095
72 106 17.72
72 107 18.5203
72 108 13.7477
72 109 14.4914
72 110 24.3311
72 111 20.567
72 112 14.1067
72 113 19.4936
72 114 17.8885
72 115 15.9687
72 116 27.5318
72 117 16.6433
72 118 11.9583
72 119 27.0924
73 74 21
73 75 20.9284
73 76 24.1039
73 77 28.6007
73 78 21.3073
73 79 19.9249
73 80 28.7402
73 81 20
73 82 21.2603
73 83 26.1916
73 84 19.1572
73 85 25.6125
73 86 18.6011
73 87 29.1033
73 88 23.0651
73 89 28
73 90 20.7605
73 91 22.1811
73 92 25.5539
73 93 25.1992
73 94 20.3224
73 95 27.55
73 96 22
73 97 24.8998
73 98 22.1133
73 99 24.2487
73 100 24.6779
73 101 25.6125
73 102 20.0998
73 103 18.0278
73 104 25.593
73 105 26.533
73 106 24.454
73 107 20.6155
73 108 28.5832
73 109 26.6458
73 110 19.8494
73 111 20.9045
73 112 27.7669
73 113 24.6577
73 114 27.0185
73 115 29.4788
73 116 24.454
73 117 24.3105
73 118 29.1033
73 119 18.7617
74 75 22.1585
74 76 21.6333
74 77 27.7669
74 78 23.4307
74 79 24.7386
74 80 26.7769
74 81 14.1067
74 82 23.388
74 83 29.8496
74 84 16.5529
74 85 29.6816
74 86 24.5561
74 87 26.6458
74 88 24.1454
74 89 29.6142
74 90 20.347
74 91 24.0624
74 92 29.4279
74 93 29.189
74 94 20.8806
74 95 31.3688
74 96 25.9422
74 97 25.593
74 98 21.2132
74 99 20.6155
74 100 25.807
74 101 29.6816
74 102 22.1585
74 103 19.5448
74 104 22.4054
74 105 30.545
74 106 28.0179
74 107 23.3666
74 108 28.178
74 109 28.5832
74 110 18.0831
74 111 25.219
74 112 29.4618
74 113 20.3224
74 114 25.671
74 115 29.6311
74 116 25.1992
74 117 26.3439
74 118 28.0713
74 119 17.9722
75 76 19.4679
75 77 20.347
75 78 16.5529
75 79 15.5242
75 80 19.6977
75 81 20.0499
75 82 23.8747
75 83 22.4499
75 84 20.5183
75 85 21.2603
75 86 20.5913
75 87 21.4243
75 88 15.9374
75 89 20.8327
75 90 19.6723
75 91 10.3923
75 92 21.7025
75 93 22.4277
75 94 10.5357
75 95 21.5174
75 96 16.0624
75 97 17.3781
75 98 16.5831
75 99 17.6068
75 100 18.8414
75 101 21.4476
75 102 12.6491
75 103 19.4679
75 104 11.5326
75 105 21.8632
75 106 21.9089
75 107 15.7797
75 108 19.2614
75 109 20
75 110 22.0907
75 111 12.6886
75 112 22.4277
75 113 15.5563
75 114 19.7484
75 115 21.6564
75 116 23.9165
75 117 17.2916
75 118 21.9773
75 119 22.4499
76 77 22.0681
76 78 25.2389
76 79 22.4054
76 80 21.1896
76 81 19.3649
76 82 21.5174
76 83 24.3926
76 84 21.1187
76 85 23.6432
76 86 23.0868
76 87 22.9783
76 88 24.1868
76 89 21.6102
76 90 26.533
76 91 19.6723
76 92 23.8328
76 93 25.02
76 94 15.748
76 95 23.1948
76 96 22.2486
76 97 19.8242
76 98 20.445
76 99 23.388
76 100 22.5389
76 101 23.8537
76 102 20.6155
76 103 20.3961
76 104 21.2132
76 105 24.2281
76 106 24.6374
76 107 24.3311
76 108 24.5764
76 109 21.8403
76 110 22.8692
76 111 21.1187
76 112 23.0217
76 113 21.1424
76 114 22.6053
76 115 25.1396
76 116 27.1477
76 117 25.9615
76 118 25.2587
76 119 24.5967
77 78 19.0788
77 79 19.9249
77 80 6.9282
77 81 27.5681
77 82 23.5797
77 83 13.1909
77 84 20.6155
77 85 14.9666
77 86 21.2132
77 87 7
77 88 18.6548
77 89 10.2956
77 90 27.7669
77 91 17.2047
77 92 13.8203
77 93 16.5831
77 94 18.7883
77 95 13.2288
77 96 19.4936
77 97 14.6969
77 98 18.1384
77 99 21.2603
77 100 15.3297
77 101 15.4272
77 102 17.6068
77 103 27.6225
77 104 19.4165
77 105 15.9374
77 106 15.4919
77 107 20.6155
77 108 15.1987
77 109 11.4891
77 110 27.4226
77 111 21.0476
77 112 8.18535
77 113 20.9762
77 114 14.4222
77 115 14.7309
77 116 27.7849
77 117 16.7033
77 118 10.5357
77 119 27.1293
78 79 15.0665
78 80 19.5448
78 81 23.4094
78 82 25.5734
78 83 19.7484
78 84 18.6279
78 85 20.199
78 86 18.3303
78 87 19.3649
78 88 14.4222
78 89 21.6333
78 90 24.6779
78 91 14.8997
78 92 19.2614
78 93 19.5192
78 94 17.8606
78 95 22.2036
78 96 17.5499
78 97 20.5913
78 98 21.2838
78 99 20.9762
78 100 19.105
78 101 20.199
78 102 14.6287
78 103 22.7376
78 104 19.9249
78 105 21.7256
78 106 21.5407
78 107 19.6214
78 108 18.2483
78 109 20.199
78 110 21.5407
78 111 20.1246
78 112 19.8242
78 113 19.5448
78 114 21.3542
78 115 22.383
78 116 27.7849
78 117 15.3297
78 118 19.5704
78 119 26.533
79 80 21.3307
79 81 22.5167
79 82 19.105
79 83 18.9473
79 84 21.0238
79 85 20.3715
79 86 15
79 87 21.2132
79 88 18.7883
79 89 21.3776
79 90 22.891
79 91 13.8203
79 92 19.5959
79 93 20.6882
79 94 17.3781
79 95 20.3961
79 96 14.7309
79 97 19.2614
79 98 18.0555
79 99 19.6214
79 100 20.9284
79 101 20.664
79 102 16.6433
79 103 20.347
79 104 20.2978
79 105 21
79 106 17.4642
79 107 17.8326
79 108 24.6577
79 109 21.1424
79 110 22.4277
79 111 14.6287
79 112 19.4936
79 113 22.1133
79 114 21.3307
79 115 21.9089
79 116 26.8887
79 117 16.4924
79 118 20.445
79 119 25.7876
80 81 26.8328
80 82 24
80 83 14.7648
80 84 21.1424
80 85 16.4317
80 86 22.8473
80 87 5.56776
80 88 16.1864
80 89 11.1355
80 90 26.9629
80 91 19.3391
80 92 16.4621
80 93 17.1756
80 94 17.2916
80 95 15.843
80 96 20.8806
80 97 13.5647
80 98 17.8606
80 99 20.8806
80 100 12.4499
80 101 17.0294
80 102 15.9374
80 103 26.4008
80 104 17.4069
80 105 15.8745
80 106 15.5563
80 107 19.1572
80 108 10.9087
80 109 11.4891
80 110 26.5707
80 111 21.2838
80 112 12.2882
80 113 17.6635
80 114 11.225
80 115 12.2882
80 116 26.7582
80 117 16.8226
80 118 10.0499
80 119 25.5343
81 82 22.0454
81 83 29.0517
81 84 13.5277
81 85 28.4956
81 86 23.7908
81 87 27
81 88 22.9347
81 89 28.2843
81 90 20.1246
81 91 23.1517
81 92 28.5482
81 93 28.3019
81 94 21.2368
81 95 30.0167
81 96 24.98
81 97 24.0832
81 98 19.105
81 99 20.9284
81 100 25
81 101 28.5307
81 102 21.7715
81 103 19.5192
81 104 21.7025
81 105 29.189
81 106 26.6833
81 107 21.5639
81 108 27.8388
81 109 27.2397
81 110 18.4932
81 111 21.9773
81 112 28.8617
81 113 21.7715
81 114 25.2982
81 115 29.4449
81 116 23.1517
81 117 25.1197
81 118 28.4781
81 119 20.8806
82 83 23.7065
82 84 20.6155
82 85 25.4165
82 86 19.7484
82 87 23.8956
82 88 26.4953
82 89 25.219
82 90 26.096
82 91 23.622
82 92 24.7588
82 93 25.5539
82 94 20.8087
82 95 25.2389
82 96 20.8327
82 97 23.4521
82 98 17.1756
82 99 23.5797
82 100 23.5584
82 101 25.7294
82 102 20.8806
82 103 19.4165
82 104 24.5561
82 105 25.6125
82 106 20.445
82 107 19.8242
82 108 28.4429
82 109 25.3772
82 110 21.4942
82 111 21.7945
82 112 23.6008
82 113 24.5764
82 114 24.2487
82 115 25.1992
82 116 23.6643
82 117 25.7876
82 118 23.8537
82 119 23.7487
83 84 23.3024
83 85 8.12404
83 86 17.8885
83 87 14.9332
83 88 18.6548
83 89 9.89949
83 90 27.7669
83 91 18.8149
83 92 8.30662
83 93 7.68115
83 94 19.975
83 95 9.11043
83 96 18.5472
83 97 18.9737
83 98 18.9473
83 99 21.9089
83 100 17.1172
83 101 9.27362
83 102 20
83 103 24.3516
83 104 22.6495
83 105 6.16441
83 106 14
83 107 20.0749
83 108 18.303
83 109 8.94427
83 110 26.3059
83 111 20.1246
83 112 8.88819
83 113 22.3159
83 114 18.3848
83 115 14.5258
83 116 29.3258
83 117 14.8661
83 118 14.1774
83 119 27.6043
84 85 22.8692
84 86 20.1246
84 87 20.0998
84 88 20.4695
84 89 23.9374
84 90 21.2603
84 91 20.3715
84 92 22.2261
84 93 22.4944
84 94 20.8327
84 95 24.8596
84 96 21.4243
84 97 21.4243
84 98 17.72
84 99 19.3649
84 100 18.9737
84 101 22.7816
84 102 17.8606
84 103 22
84 104 21.5407
84 105 24.5153
84 106 21.4709
84 107 18.2757
84 108 23.1948
84 109 22.4722
84 110 20.9045
84 111 20.9284
84 112 23.0217
84 113 22.1585
84 114 21.2368
84 115 23.3666
84 116 21.9317
84 117 20.3961
84 118 20.7364
84 119 20.9045
85 86 18.4391
85 87 17.5784
85 88 19.6977
85 89 10.8628
85 90 27.4773
85 91 18.7083
85 92 3.60555
85 93 5.38516
85 94 19.6723
85 95 7.28011
85 96 18.9737
85 97 17.9444
85 98 21.2838
85 99 23.6643
85 100 16.4012
85 101 1.41421
85 102 20.347
85 103 25
85 104 22.9129
85 105 6.78233
85 106 18.0555
85 107 21.4709
85 108 19
85 109 8.24621
85 110 25.1396
85 111 18.1934
85 112 12.2066
85 113 23.1948
85 114 18.5472
85 115 16.8226
85 116 28.5307
85 117 17.4642
85 118 17.7482
85 119 28.2489
86 87 21.6564
86 88 22.7156
86 89 21.7715
86 90 26.9258
86 91 18.6548
86 92 17.5214
86 93 17.2916
86 94 16.7631
86 95 21.0476
86 96 14.1421
86 97 22.8035
86 98 17.4642
86 99 24.8998
86 100 18.8414
86 101 18.4391
86 102 17.088
86 103 22.9129
86 104 21.9317
86 105 19.9499
86 106 17.9444
86 107 18.412
86 108 25.593
86 109 20.2485
86 110 22.2261
86 111 15.6525
86 112 19.6723
86 113 22.1811
86 114 24.6171
86 115 23.516
86 116 29.7321
86 117 21.7486
86 118 21.4243
86 119 27.0555
87 88 17.5214
87 89 13.3791
87 90 28.5657
87 91 19.6214
87 92 17.0294
87 93 17.2627
87 94 19.2354
87 95 17.9444
87 96 20.1246
87 97 16.5227
87 98 17.5499
87 99 21.5639
87 100 13.4907
87 101 18.0831
87 102 16.6433
87 103 27.4955
87 104 17.8326
87 105 17.2916
87 106 15.2643
87 107 19.7484
87 108 14.2127
87 109 13.2288
87 110 27.6948
87 111 21.8632
87 112 12.4097
87 113 19.2614
87 114 13.3791
87 115 13.3417
87 116 28.6531
87 117 16.9115
87 118 8
87 119 26.6646
88 89 17.3205
88 90 23.6008
88 91 17.9444
88 92 20.664
88 93 19
88 94 17.4642
88 95 21.095
88 96 22.0454
88 97 15.9374
88 98 19.6214
88 99 19.0263
88 100 17.5214
88 101 20.2485
88 102 15.1658
88 103 21.6102
88 104 18.3576
88 105 18.1108
88 106 18.1659
88 107 17.5784
88 108 13.8203
88 109 16
88 110 24.3311
88 111 21.6564
88 112 19.6214
88 113 17.8326
88 114 13.7113
88 115 18.9473
88 116 28.7402
88 117 10.7238
88 118 18.9473
88 119 22.9783
89 90 28.2312
89 91 18.6011
89 92 11.5326
89 93 13
89 94 18.8944
89 95 9
89 96 21.3542
89 97 14.2829
89 98 19.2094
89 99 22.0454
89 100 17.4069
89 101 11.7473
89 102 20.347
89 103 26.096
89 104 21.095
89 105 10
89 106 16.4924
89 107 22.4277
89 108 15.4596
89 109 4.47214
89 110 27.4591
89 111 21.1424
89 112 7.54983
89 113 21.6333
89 114 15.2315
89 115 16.8226
89 116 29.4618
89 117 16.8819
89 118 16.5831
89 119 27.1662
90 91 23.9792
90 92 27.9643
90 93 28.3196
90 94 22.1811
90 95 27.313
90 96 27.8029
90 97 23.0868
90 98 21.6795
90 99 17.6352
90 100 24.0832
90 101 27.7669
90 102 22.9129
90 103 19.9499
90 104 24.2487
90 105 27.2947
90 106 24.3516
90 107 18.5472
90 108 26.7582
90 109 27.6586
90 110 19.1572
90 111 21.4009
90 112 29.1548
90 113 20.9045
90 114 25.2784
90 115 25.8844
90 116 16.8819
90 117 22.2711
90 118 27.2764
90 119 16.1555
91 92 18.0278
91 93 19.975
91 94 14.0357
91 95 18.412
91 96 13.784
91 97 18.9209
91 98 17.1756
91 99 18.7083
91 100 21.1896
91 101 18.868
91 102 15.748
91 103 21.2838
91 104 15.7162
91 105 20.1494
91 106 21.1187
91 107 19.5704
91 108 21.5174
91 109 18.3303
91 110 24.5764
91 111 15.2643
91 112 17.7482
91 113 19.5959
91 114 21.3542
91 115 21.8861
91 116 27.7849
91 117 15.5242
91 118 20.1246
91 119 25.5734
92 93 6.78233
92 94 20.0499
92 95 7.61577
92 96 18.1384
92 97 18.0831
92 98 21.3073
92 99 24.0624
92 100 17.088
92 101 3.31662
92 102 20.2237
92 103 25.5734
92 104 23.3666
92 105 9.43398
92 106 18.0278
92 107 22
92 108 19.9499
92 109 9.64365
92 110 25.04
92 111 18.5472
92 112 10.6771
92 113 23.8118
92 114 19.0526
92 115 17.9444
92 116 28.7924
92 117 17.9444
92 118 17.4356
92 119 28.7924
93 94 20.347
93 95 11.8322
93 96 18.5203
93 97 20.0749
93 98 20.9762
93 99 23.8956
93 100 16
93 101 5.74456
93 102 19.975
93 103 24.4131
93 104 22.6274
93 105 7
93 106 17.6918
93 107 20.9762
93 108 19.1311
93 109 9.53939
93 110 25.1197
93 111 18.8149
93 112 13.7113
93 113 22.6936
93 114 19.2094
93 115 16.7332
93 116 29.7489
93 117 17.088
93 118 17.1464
93 119 28.2666
94 95 20.1494
94 96 14.8661
94 97 17.3494
94 98 14.0712
94 99 20.2731
94 100 16.5529
94 101 19.975
94 102 10.8167
94 103 19.0263
94 104 12.2474
94 105 19.8242
94 106 19.9249
94 107 14.8997
94 108 17.6068
94 109 18.1934
94 110 20.7123
94 111 15.0997
94 112 20.1494
94 113 11.619
94 114 19
94 115 19.8997
94 116 24.5153
94 117 19.9499
94 118 20.1494
94 119 22.2486
95 96 20.7605
95 97 16.8226
95 98 21.4476
95 99 23.2164
95 100 18.7617
95 101 8.06226
95 102 21.8861
95 103 26.3059
95 104 24.1661
95 105 9
95 106 17.5784
95 107 22.3607
95 108 19.5448
95 109 9.53939
95 110 26.9629
95 111 19.9499
95 112 10.198
95 113 24.3105
95 114 18.7883
95 115 16.8523
95 116 28.1603
95 117 17.7764
95 118 17.9444
95 119 28.6182
96 97 23.9583
96 98 17.7482
96 99 20.7364
96 100 20.2731
96 101 19.0263
96 102 13.6382
96 103 21.3307
96 104 15.4596
96 105 20.3961
96 106 21.4476
96 107 18.1934
96 108 22.9129
96 109 20.0499
96 110 26.2298
96 111 15
96 112 19.5704
96 113 22.0454
96 114 23.7065
96 115 21.7025
96 116 28.8791
96 117 21.3307
96 118 19.5704
96 119 27.8927
97 98 19.6723
97 99 23.0217
97 100 15.2643
97 101 18.2209
97 102 16.9115
97 103 24.3105
97 104 21.4243
97 105 18.868
97 106 15.5563
97 107 19.6214
97 108 17.8045
97 109 14.9666
97 110 22.9783
97 111 18.8944
97 112 16.3401
97 113 19.4936
97 114 10
97 115 19.975
97 116 26.2679
97 117 17.5784
97 118 19.8746
97 119 22.891
98 99 18.9473
98 100 18.4391
98 101 21.8403
98 102 16.2173
98 103 21.7715
98 104 14.5602
98 105 20.2237
98 106 16.6433
98 107 13.1149
98 108 21.2603
98 109 19
98 110 23.4307
98 111 16.9706
98 112 19.0788
98 113 14.5258
98 114 19.975
98 115 19.4422
98 116 23.1301
98 117 18.5472
98 118 18
98 119 21.0476
99 100 22.4277
99 101 24.2487
99 102 19.4422
99 103 17.2916
99 104 18.5203
99 105 22.3159
99 106 21.7715
99 107 18.6815
99 108 21
99 109 21.7715
99 110 24.6577
99 111 20.9523
99 112 22.6936
99 113 21.6795
99 114 22.5389
99 115 20.7605
99 116 23.1084
99 117 17.7482
99 118 20.6155
99 119 19.2873
100 101 16.6433
100 102 12.8452
100 103 24.4131
100 104 18.4932
100 105 16.5831
100 106 14.3178
100 107 14.2829
100 108 14
100 109 15.2643
100 110 22.9565
100 111 15.9374
100 112 18.868
100 113 17.1172
100 114 14.9332
100 115 12.8841
100 116 24.6374
100 117 18.1108
100 118 13.3417
100 119 23.4307
101 102 20.5426
101 103 25.3574
101 104 23.2164
101 105 8.12404
101 106 18.868
101 107 21.9773
101 108 19.5704
101 109 9.05539
101 110 25.0599
101 111 18.1934
101 112 12.8452
101 113 23.622
101 114 18.9737
101 115 17.6918
101 116 28.7054
101 117 18.1934
101 118 18.412
101 119 28.6356
102 103 19.4679
102 104 13.6748
102 105 20.8327
102 106 16.9115
102 107 11.5326
102 108 15.5885
102 109 19.0263
102 110 22.4499
102 111 15.5885
102 112 20.2731
102 113 15.6205
102 114 16.3707
102 115 18.4662
102 116 25.3772
102 117 17.8045
102 118 17
102 119 21.6795
103 104 22.5389
103 105 24.1868
103 106 23.7276
103 107 20.1494
103 108 26
103 109 25.0799
103 110 17.4069
103 111 20.8806
103 112 26.7582
103 113 21.8861
103 114 24.9199
103 115 26.1916
103 116 25.318
103 117 22.5389
103 118 27.0924
103 119 18.5742
104 105 22.561
104 106 23.1301
104 107 17.0294
104 108 17.9444
104 109 19.9249
104 110 25.2389
104 111 16.3707
104 112 22.5389
104 113 13.3041
104 114 20.2237
104 115 20.1494
104 116 25.632
104 117 20.445
104 118 19.2354
104 119 24.5153
105 106 16.1245
105 107 20.2731
105 108 17.6352
105 109 7.74597
105 110 26.4953
105 111 19.5704
105 112 13
105 113 22.1811
105 114 18.2209
105 115 14.1067
105 116 28.9828
105 117 15.6525
105 118 16.5831
105 119 27.3861
106 107 14.3178
106 108 20.2731
106 109 16.6132
106 110 25.6515
106 111 19.2094
106 112 15.5242
106 113 21.4476
106 114 15.4919
106 115 15
106 116 28.0713
106 117 14.5945
106 118 13.9642
106 119 23.1517
107 108 19.2873
107 109 21.1896
107 110 22.6053
107 111 16
107 112 22.8035
107 113 16.1555
107 114 18.5203
107 115 16.1245
107 116 21.7486
107 117 16.4317
107 118 16.9706
107 119 19.6723
108 109 14.4568
108 110 26.8514
108 111 23.4521
108 112 18.2757
108 113 17.0587
108 114 16.0312
108 115 15.4919
108 116 26.9629
108 117 17.7764
108 118 15.8114
108 119 25.671
109 110 26.2298
109 111 19.5192
109 112 9.53939
109 113 20.6882
109 114 14.9666
109 115 15.7797
109 116 28.9828
109 117 16.0312
109 118 15.9687
109 119 26.6458
110 111 21.5174
110 112 27.4044
110 113 19.5448
110 114 25.8457
110 115 28.0535
110 116 21.0713
110 117 25.2389
110 118 28.0891
110 119 22.2711
111 112 21.9545
111 113 19.4165
111 114 22.2036
111 115 20.8806
111 116 24.0624
111 117 20.0998
111 118 21.4476
111 119 24.3105
112 113 23.0434
112 114 17.3494
112 115 18.2209
112 116 30.1496
112 117 17.2047
112 118 15.1658
112 119 28.3373
113 114 19.7484
113 115 19.8746
113 116 23.1084
113 117 20.025
113 118 20.1246
113 119 22
114 115 16.4012
114 116 27.8927
114 117 16.2788
114 118 16.3401
114 119 23.6643
115 116 25.9808
115 117 15.5563
115 118 8.12404
115 119 26.3629
116 117 27.8747
116 118 27.3313
116 119 23.1517
117 118 15.2315
117 119 23.8118
118 119 26.8514