960
0 15 3 9 7 1 6 9 8 1 6 8 0 0 10 8 7
1 16 7 9 2 1 9 10 0 3 9 3 1 1 6 4 3 6
2 5 0 4 7 7 6
3 13 8 9 7 8 1 2 9 0 6 2 3 3 1
4 5 1 10 3 0 5
5 2 2 9
6 7 2 3 3 6 2 0 9
7 7 2 10 5 5 4 1 10
8 3 5 7 10
9 6 8 5 0 4 10 0
10 18 3 7 7 8 10 4 5 10 4 8 2 0 2 2 8 2 7 5
11 16 5 7 3 0 9 1 3 7 5 1 4 8 7 9 8 6
12 2 2 4
13 2 2 2
14 17 3 8 4 9 2 2 10 5 1 1 2 8 6 9 10 1 6
15 11 8 10 4 1 6 3 0 7 10 8 2
16 4 10 1 10 0
17 16 4 1 4 4 0 2 1 4 4 8 3 5 5 8 5 1
18 20 0 2 3 9 2 8 8 4 6 3 1 8 6 0 7 4 4 3 5 4
19 6 5 9 4 2 8 3
20 2 6 7
21 15 1 8 2 5 0 6 10 0 7 7 0 7 4 4 6
22 16 8 7 10 9 4 5 6 0 2 3 1 2 10 6 1 6
23 18 2 10 7 2 5 2 6 5 6 9 7 9 7 6 5 7 0 8
24 20 2 10 10 5 3 7 3 9 1 5 5 6 9 9 4 9 6 3 7 7
25 15 0 9 10 0 0 3 7 6 5 10 3 2 10 10 3
26 8 5 4 9 8 7 3 9 3
27 7 6 8 1 6 4 7 6
28 13 9 3 10 9 0 1 3 9 1 2 7 1 7
29 13 4 9 9 6 8 3 9 10 7 6 0 0 9
30 6 9 5 5 1 10 0
31 10 1 6 10 7 1 8 6 1 6 9
32 21 2 6 0 5 9 5 1 6 6 7 9 1 2 0 7 9 2 4 5 4 9
33 5 4 3 7 10 1
34 10 9 5 3 6 3 8 1 3 5 0
35 21 10 5 5 2 2 10 8 2 5 9 3 8 4 1 3 9 3 6 3 0 6
36 7 1 5 6 6 9 2 2
37 7 10 5 3 4 5 0 7
38 21 10 6 5 0 10 10 6 6 1 0 8 10 0 10 8 2 4 3 7 6 3
39 21 7 1 3 0 7 5 9 5 10 6 6 1 9 0 3 2 9 8 4 1 2
40 17 8 1 6 1 4 8 4 1 7 8 7 6 8 7 6 8 3
41 10 0 4 4 1 3 1 4 6 4 9
42 18 3 6 5 10 2 1 6 2 8 8 4 6 9 10 4 7 10 0
43 4 2 4 8 2
44 10 4 4 9 10 4 0 10 4 8 6
45 11 8 3 1 4 9 10 5 9 6 4 3
46 6 2 3 5 3 9 1
47 3 2 5 0
48 3 5 8 10
49 13 9 10 7 2 0 1 3 8 7 3 10 5 3
50 5 0 7 8 0 5
51 19 4 0 7 5 5 3 4 5 2 4 1 3 4 7 5 4 5 10 8
52 18 5 4 4 4 2 1 10 8 3 2 2 9 7 2 9 0 8 0
53 2 8 2
54 12 5 0 9 8 0 1 7 5 2 6 1 3
55 6 1 10 0 1 4 10
56 9 9 2 9 4 7 4 5 3 5
57 13 9 4 10 10 9 8 10 2 4 8 10 1 9
58 7 10 1 9 0 0 4 8
59 9 8 7 1 0 6 6 8 3 0
60 3 4 5 2
61 5 1 6 0 3 2
62 12 4 8 6 3 2 8 4 9 6 5 4 4
63 18 9 1 7 0 3 2 7 2 9 5 1 5 4 6 5 7 1 2
64 9 10 4 6 1 10 9 5 10 10
65 16 6 1 0 0 5 2 5 2 0 0 7 2 2 0 0 8
66 5 3 7 4 3 10
67 20 5 10 0 7 9 9 3 10 4 6 0 7 6 5 10 7 0 3 10 8
68 5 8 5 10 0 6
69 8 10 6 1 0 10 2 5 7
70 11 5 0 0 1 10 1 10 9 4 1 10
71 21 5 8 9 10 6 1 8 4 1 8 6 5 8 8 9 5 3 3 6 6 5
72 15 5 10 1 8 9 8 4 8 8 8 1 5 5 10 4
73 2 3 9
74 3 6 0 2
75 6 5 10 9 8 7 2
76 2 0 8
77 18 1 10 6 10 7 0 6 9 0 7 3 2 8 10 3 1 5 4
78 4 8 7 1 8
79 10 9 3 3 2 3 9 9 4 1 0
80 2 9 1
81 17 0 9 5 10 0 5 3 9 2 4 6 0 8 3 2 6 5
82 9 10 8 7 9 3 6 0 4 1
83 9 0 4 6 10 7 5 5 6 2
84 7 3 5 5 2 9 0 4
85 17 1 0 5 7 9 10 9 6 7 0 10 10 5 10 4 9 3
86 11 2 8 10 10 9 2 10 8 10 7 10
87 10 10 0 10 10 8 2 2 10 0 6
88 14 0 6 10 5 9 9 10 4 6 9 9 3 9 9
89 5 2 1 0 3 0
90 17 9 8 4 6 6 0 10 5 7 7 9 10 2 9 9 5 9
91 20 7 4 1 2 6 3 0 5 1 10 0 10 8 5 3 9 1 6 5 7
92 13 6 7 3 4 6 4 8 0 3 8 5 1 1
93 19 0 10 10 8 3 7 2 4 6 7 3 10 4 4 2 4 7 4 7
94 17 8 3 4 5 0 0 8 3 4 3 1 2 9 3 6 1 0
95 6 6 6 9 7 6 10
96 12 4 0 3 2 9 4 4 8 10 4 3 8
97 10 4 8 10 9 4 4 4 5 5 2
98 16 8 2 2 4 7 3 2 4 10 5 3 2 0 3 1 3
99 13 9 3 0 10 7 10 3 0 3 0 5 0 3
100 12 6 7 10 6 0 3 10 5 1 1 1 6
101 18 3 1 4 9 10 7 9 6 8 5 9 6 10 4 10 0 7 3
102 4 5 2 6 5
103 12 6 2 10 7 8 2 2 7 4 4 0 5
104 11 9 9 10 0 2 1 1 8 10 7 7
105 20 8 1 4 3 7 9 1 6 9 5 6 0 7 9 7 9 5 7 9 6
106 16 8 9 9 8 10 5 2 6 10 6 6 7 8 5 5 5
107 13 7 1 6 2 3 0 0 7 5 1 3 2 0
108 12 0 1 10 4 9 4 1 6 8 5 3 9
109 12 7 6 7 7 5 10 2 4 1 7 2 6
110 6 7 4 6 7 9 2
111 16 0 3 10 0 10 2 7 5 5 3 6 3 7 6 1 0
112 21 8 2 3 6 6 1 1 5 8 9 7 6 0 2 0 5 9 10 1 2 5
113 7 6 1 1 9 1 5 5
114 19 2 4 1 2 1 2 8 4 7 1 6 4 1 9 9 5 10 4 10
115 2 7 8
116 10 8 3 7 6 9 4 3 8 7 1
117 6 3 4 10 5 5 1
118 8 4 1 6 4 8 5 6 0
119 14 5 8 5 5 5 1 0 8 8 4 2 5 5 1
120 6 2 10 2 2 9 6
121 5 8 0 6 0 6
122 19 10 10 8 9 3 0 1 8 8 3 6 9 6 1 7 6 9 9 2
123 2 10 9
124 14 4 0 1 2 3 6 10 4 7 2 6 2 2 2
125 20 0 9 0 2 1 8 1 4 3 3 2 3 10 1 4 2 0 10 10 7
126 7 0 10 1 0 10 6 2
127 7 0 10 6 7 2 9 2
128 21 0 9 8 9 2 2 7 3 0 9 7 1 3 3 6 0 6 8 6 1 0
129 20 5 10 4 8 10 4 5 3 0 7 8 6 6 5 4 5 1 5 8 1
130 15 8 1 5 8 0 3 9 9 4 2 6 6 3 1 9
131 9 7 1 4 7 10 10 2 10 4
132 12 5 10 5 1 0 7 8 8 1 4 0 0
133 20 3 7 2 4 7 6 4 6 4 3 7 6 4 5 2 3 2 10 4 9
134 20 3 5 3 8 4 5 6 4 6 10 5 8 7 9 5 2 10 10 0 0
135 16 1 8 8 5 6 3 8 9 3 3 3 1 5 9 3 3
136 4 6 0 0 9
137 7 7 0 8 0 5 2 7
138 9 2 9 9 10 6 0 6 6 7
139 5 2 4 4 9 8
140 2 2 1
141 20 5 1 3 7 6 10 0 7 3 3 7 8 0 5 8 4 7 2 0 8
142 17 2 9 4 1 3 1 10 0 10 5 9 1 9 0 6 0 8
143 16 5 4 6 1 5 7 4 10 3 1 9 10 4 6 4 10
144 12 1 8 9 2 1 6 7 10 8 10 10 9
145 4 1 8 10 3
146 4 2 4 2 7
147 5 0 0 6 4 0
148 16 10 9 9 9 2 7 3 1 4 8 9 5 9 8 1 2
149 17 9 7 2 6 2 7 10 4 4 7 2 1 0 10 7 2 2
150 3 6 3 6
151 13 2 3 3 2 9 4 10 9 9 1 4 3 8
152 7 1 1 1 8 4 2 9
153 10 4 5 5 3 3 9 9 3 1 8
154 10 2 3 10 1 7 9 5 2 6 4
155 4 10 4 6 10
156 11 8 8 7 7 4 10 7 5 9 2 5
157 20 1 2 10 6 10 0 6 5 10 1 10 7 2 10 5 6 8 5 3 9
158 3 10 1 3
159 21 2 4 4 6 2 2 2 1 7 8 8 7 7 7 8 3 3 2 4 8 0
160 13 6 4 2 10 9 3 10 9 3 7 7 1 1
161 6 8 1 7 5 9 7
162 21 6 9 5 8 4 4 1 10 5 6 4 6 9 6 3 0 10 5 9 4 8
163 15 5 5 2 3 1 2 8 9 7 3 3 8 3 1 4
164 16 8 1 9 5 9 1 9 1 9 2 2 8 7 1 8 1
165 5 5 6 4 10 1
166 5 1 4 1 0 9
167 13 7 4 6 1 5 8 10 10 0 0 7 6 4
168 15 10 7 10 9 5 10 10 6 5 10 3 1 1 3 2
169 15 7 0 0 7 0 0 2 2 8 7 9 7 9 9 7
170 12 2 0 7 6 1 1 4 7 8 5 7 0
171 18 10 1 5 5 7 2 3 4 7 7 2 7 10 8 1 1 0 4
172 7 9 4 10 4 2 1 10
173 11 6 2 1 0 1 2 6 3 1 10 1
174 7 8 8 9 9 9 9 3
175 17 4 4 6 7 6 5 8 5 3 6 3 2 6 7 1 7 9
176 2 4 1
177 15 7 1 0 1 5 9 2 1 6 6 4 2 10 8 6
178 2 1 9
179 8 8 10 6 10 0 10 7 10
180 4 7 5 10 2
181 17 9 1 8 7 4 6 9 4 10 2 9 9 1 4 2 8 1
182 20 9 9 5 4 4 8 8 9 1 1 1 10 1 10 5 6 6 6 4 0
183 21 10 10 4 4 3 0 8 4 10 7 1 6 6 8 7 9 9 9 4 0 1
184 8 1 7 10 1 6 1 7 7
185 6 5 9 0 1 1 2
186 15 7 0 10 4 6 6 3 10 2 9 5 4 7 0 2
187 16 1 2 3 7 0 6 4 7 2 4 8 0 1 8 2 4
188 6 8 10 1 4 7 9
189 11 1 6 1 0 0 6 3 2 8 3 2
190 9 0 10 2 8 3 8 5 2 3
191 13 6 2 5 7 1 9 7 1 1 4 3 0 1
192 3 10 10 10
193 3 2 9 6
194 21 0 1 7 7 8 0 8 6 2 5 10 3 1 3 1 8 3 7 0 4 8
195 19 3 7 9 10 0 2 3 4 8 6 7 4 7 2 2 7 9 3 9
196 15 6 4 8 9 9 0 1 3 4 4 1 6 1 7 8
197 4 9 3 6 5
198 18 9 4 3 5 4 4 9 2 7 3 9 9 0 2 8 5 2 9
199 5 10 3 1 10 9
200 21 1 0 7 0 3 4 3 8 4 1 7 2 3 10 1 6 10 6 1 7 3
201 15 5 2 0 2 1 5 6 6 7 5 5 6 4 10 0
202 7 8 3 8 0 8 6 1
203 20 4 3 1 8 2 7 6 7 0 7 7 1 9 10 3 7 2 10 0 4
204 13 1 6 1 5 7 6 1 5 8 5 7 1 2
205 13 9 2 8 6 9 6 9 5 4 4 4 1 7
206 20 7 0 5 0 2 7 0 5 9 2 5 7 10 0 7 8 0 9 9 4
207 5 8 4 9 4 0
208 13 1 2 4 8 7 7 9 5 4 7 10 10 7
209 9 4 0 4 4 1 0 8 8 9
210 20 8 8 8 0 8 0 4 0 3 2 3 2 2 0 2 1 3 6 2 6
211 20 2 10 9 10 5 2 8 8 0 3 0 0 10 6 1 3 9 1 8 2
212 17 4 7 5 0 3 8 9 6 5 5 6 2 5 5 5 3 3
213 11 0 3 2 7 5 8 3 5 6 2 3
214 21 2 1 4 0 5 0 9 1 5 7 5 9 3 3 8 1 5 7 8 1 1
215 21 5 4 6 10 2 4 0 4 8 4 5 0 3 6 0 10 0 1 8 6 3
216 4 0 8 2 8
217 16 5 7 9 0 7 10 8 10 6 0 8 2 3 9 2 1
218 9 2 1 7 1 0 5 0 6 7
219 6 4 4 0 3 0 7
220 11 8 2 0 0 0 8 6 7 0 1 6
221 5 1 9 2 2 5
222 6 10 8 6 7 4 10
223 10 3 10 0 3 3 8 7 3 0 8
224 16 0 6 8 7 9 3 8 8 5 5 4 8 1 4 9 0
225 7 6 3 9 6 5 0 2
226 17 0 5 7 3 7 6 2 4 5 2 1 4 4 6 5 6 4
227 21 0 10 1 4 4 4 5 9 6 1 2 0 5 9 4 9 7 4 7 0 7
228 12 7 8 0 2 2 5 6 5 6 1 2 8
229 2 5 0
230 17 5 3 0 3 8 10 10 3 8 9 8 2 5 9 7 6 7
231 2 5 2
232 9 8 8 5 9 5 2 7 4 2
233 14 2 7 8 4 10 0 1 7 7 1 6 10 0 2
234 2 10 10
235 10 7 5 4 10 10 0 4 5 3 8
236 6 7 5 9 0 2 4
237 13 7 1 8 8 1 10 9 3 10 2 8 2 7
238 3 8 3 3
239 10 3 1 4 1 6 10 9 2 5 3
240 8 1 2 0 0 4 5 7 10
241 8 5 9 1 7 6 1 6 3
242 13 4 4 9 8 1 4 9 4 7 7 4 7 6
243 6 2 0 5 5 8 4
244 12 4 8 10 9 1 8 2 1 0 1 1 9
245 9 6 6 4 3 8 0 5 6 1
246 18 9 3 7 8 2 4 6 10 2 4 6 6 2 6 4 1 0 3
247 15 0 1 6 0 7 1 1 6 7 7 6 7 3 8 1
248 10 6 8 10 4 5 9 2 6 1 8
249 15 9 7 6 9 5 6 6 3 4 2 8 1 1 6 5
250 13 2 0 2 3 9 7 5 8 4 4 6 0 5
251 15 8 0 7 2 1 10 3 3 0 9 3 4 8 7 10
252 21 3 4 8 0 10 5 8 3 0 8 10 6 5 1 4 6 3 7 8 7 2
253 18 9 8 2 8 10 0 1 1 9 4 5 8 7 9 7 0 9 4
254 12 2 9 9 3 7 7 10 3 8 1 1 6
255 13 4 10 4 9 1 5 8 0 1 9 9 10 3
256 5 9 4 9 8 7
257 9 5 9 6 1 6 9 7 3 5
258 6 4 5 7 0 4 0
259 19 10 6 8 8 8 8 2 5 1 7 0 10 2 0 8 7 8 7 8
260 9 10 2 4 3 0 3 4 6 5
261 20 5 8 8 5 3 6 7 10 2 6 2 2 0 10 7 8 4 2 6 3
262 13 1 1 5 8 0 4 1 7 8 5 5 4 9
263 18 8 9 10 4 0 6 2 6 5 8 0 4 5 0 2 10 7 1
264 19 1 0 2 4 3 9 1 4 1 4 3 6 8 6 4 5 9 8 2
265 11 2 10 10 1 9 7 10 3 1 8 9
266 7 4 0 10 9 6 9 8
267 9 0 1 2 5 3 10 3 4 2
268 18 4 0 10 2 4 0 3 3 5 6 5 1 7 8 2 7 4 5
269 5 10 4 8 8 3
270 6 8 10 9 7 8 8
271 2 2 1
272 2 8 10
273 8 10 6 2 7 4 10 9 4
274 11 0 7 10 2 6 5 3 10 2 8 3
275 10 7 1 0 10 7 10 0 8 9 7
276 19 9 9 6 9 0 3 7 0 7 4 4 8 6 10 9 8 8 7 5
277 20 3 6 5 9 10 8 5 6 6 1 3 3 3 2 7 4 5 1 1 7
278 8 5 8 3 10 7 6 8 8
279 19 7 0 0 5 5 0 6 4 0 2 7 2 9 4 2 10 10 0 4
280 15 4 1 9 5 4 7 4 4 2 1 3 9 8 10 2
281 21 2 0 8 5 6 3 2 9 6 0 1 9 9 4 7 8 8 9 9 3 9
282 9 2 10 8 7 9 3 7 1 10
283 2 0 1
284 2 9 4
285 12 6 2 0 2 1 6 9 5 5 7 5 7
286 21 3 3 5 5 3 4 6 2 8 2 6 10 3 5 0 0 2 2 8 0 0
287 21 0 8 10 9 9 9 4 3 3 7 5 4 0 7 8 2 8 3 10 9 8
288 14 10 8 2 10 10 3 9 6 10 2 10 7 4 0
289 3 9 0 9
290 10 8 10 1 2 4 9 1 9 10 0
291 18 5 10 2 5 4 9 7 7 10 0 8 10 0 3 8 1 8 10
292 21 0 6 4 9 3 7 9 6 6 10 0 9 0 10 7 1 4 3 9 4 6
293 17 7 2 9 0 10 1 3 9 2 5 9 1 9 10 7 7 4
294 18 9 10 4 5 10 0 1 3 10 5 8 3 7 9 7 0 8 4
295 2 8 6
296 14 6 10 3 10 9 5 1 4 5 0 3 1 10 4
297 3 4 6 10
298 15 8 5 2 3 5 4 6 7 7 1 7 9 6 9 10
299 20 8 2 2 10 6 8 1 1 2 3 8 10 3 8 9 2 0 10 7 9
300 18 2 1 9 3 8 7 6 9 1 7 7 8 9 9 5 5 9 3
301 17 8 7 10 3 7 9 8 0 2 10 1 4 4 3 4 6 9
302 14 10 5 5 6 3 10 0 3 10 8 4 8 2 10
303 5 10 1 10 8 1
304 19 1 1 3 4 3 5 6 0 6 1 5 6 2 10 1 9 7 2 7
305 14 2 7 2 7 4 2 0 8 0 4 2 8 1 5
306 20 6 2 3 1 7 0 6 3 9 10 0 9 1 8 9 8 0 8 8 3
307 3 5 10 2
308 16 1 9 7 1 0 8 2 8 4 9 2 3 5 1 0 4
309 10 8 8 1 8 1 1 2 1 1 4
310 10 1 4 3 3 9 0 0 9 2 7
311 8 6 2 1 0 6 8 4 6
312 9 7 10 9 3 7 3 10 8 3
313 7 3 7 9 2 7 1 2
314 21 7 4 2 2 8 2 5 2 10 9 6 10 1 6 4 10 1 10 8 5 6
315 17 6 0 1 6 3 8 5 0 6 0 2 1 0 0 8 5 3
316 16 0 0 9 6 8 7 2 7 9 7 4 8 0 7 0 5
317 16 5 2 7 3 6 3 5 5 3 3 4 0 3 0 3 4
318 10 2 9 8 3 1 5 10 5 1 1
319 7 9 9 7 0 8 4 9
320 20 1 1 6 10 2 1 6 4 3 7 6 7 10 0 8 8 9 10 10 5
321 17 9 0 7 1 1 2 0 3 7 5 2 7 1 5 10 2 5
322 21 5 1 2 6 3 7 10 6 3 6 5 7 7 8 9 8 10 1 7 3 1
323 2 7 4
324 5 10 4 2 0 3
325 6 8 5 6 3 9 1
326 4 9 2 2 1
327 8 5 1 0 8 7 3 5 7
328 2 9 4
329 19 7 4 8 2 10 0 0 0 2 6 10 10 2 6 8 1 8 10 5
330 9 0 1 2 5 6 5 5 6 6
331 3 10 10 4
332 17 3 10 10 2 1 8 9 2 10 7 3 7 5 6 6 2 3
333 5 3 2 6 8 1
334 18 0 10 0 1 3 5 9 7 2 10 4 7 9 7 10 5 6 7
335 4 3 0 6 4
336 7 10 8 7 10 4 1 2
337 8 7 8 4 10 6 1 8 2
338 15 8 7 7 3 3 3 1 7 4 7 0 0 5 8 0
339 2 5 0
340 20 2 2 8 9 2 0 7 9 0 8 7 4 9 5 0 6 5 5 10 0
341 10 5 6 3 8 9 4 7 7 8 8
342 12 9 1 0 5 2 0 9 10 0 7 3 7
343 21 6 2 5 2 0 4 4 4 3 10 3 9 2 6 2 8 1 9 6 9 7
344 12 8 5 8 4 4 1 4 1 9 9 5 8
345 6 5 1 2 6 8 5
346 12 3 4 7 9 6 0 3 9 1 9 2 8
347 6 10 10 10 3 10 3
348 19 10 10 6 4 5 9 3 1 4 6 3 6 1 10 6 9 5 6 5
349 21 8 6 6 10 6 9 5 3 1 2 4 0 4 1 4 10 0 5 4 8 1
350 11 6 4 1 8 5 9 7 5 10 2 0
351 15 3 0 0 6 3 5 0 10 2 4 6 10 10 6 5
352 13 8 3 10 3 7 6 10 4 6 3 5 10 8
353 16 9 0 0 3 0 9 3 2 7 8 7 3 8 4 8 3
354 17 10 1 8 4 1 5 1 3 10 6 9 5 4 0 4 9 0
355 17 3 3 2 8 3 4 2 1 3 10 4 3 1 2 9 2 3
356 4 5 1 5 5
357 5 3 1 7 7 3
358 6 3 4 4 3 8 4
359 7 1 4 10 7 2 8 4
360 19 3 4 5 8 9 9 9 10 5 8 5 1 6 10 0 10 1 6 0
361 3 3 3 2
362 19 10 10 1 3 10 8 6 2 2 8 4 6 3 5 4 5 1 5 6
363 3 9 3 9
364 17 6 2 4 5 10 5 2 0 2 0 8 8 6 1 5 4 0
365 6 9 8 6 2 2 7
366 19 1 8 6 9 5 0 8 10 1 10 4 2 8 1 6 1 7 5 10
367 8 5 4 8 7 2 7 3 5
368 9 7 3 4 6 0 8 7 10 4
369 15 2 0 2 8 6 5 5 4 3 10 5 8 2 5 1
370 20 2 1 8 10 0 9 8 9 7 6 8 3 5 7 9 4 10 4 9 6
371 8 9 9 8 4 5 3 8 10
372 16 2 9 9 1 9 7 9 0 10 9 10 3 10 2 3 6
373 7 10 10 4 1 8 3 10
374 20 0 5 2 10 3 3 0 1 0 10 9 4 9 2 10 2 9 10 8 8
375 17 0 10 9 9 10 1 4 2 1 6 1 7 2 5 9 6 9
376 18 4 3 0 6 0 3 4 0 4 3 1 6 8 1 6 10 1 2
377 8 8 4 10 8 5 9 0 2
378 12 4 5 7 9 7 3 1 0 2 3 8 10
379 4 0 3 10 1
380 13 6 6 9 0 6 3 10 5 8 4 4 8 3
381 13 3 3 7 1 0 2 6 10 0 0 10 9 3
382 8 9 3 10 7 9 0 4 9
383 14 1 7 1 6 5 10 4 3 10 3 2 10 1 0
384 3 4 10 5
385 21 0 3 8 7 9 3 8 3 3 9 10 1 10 3 7 9 6 8 0 6 5
386 20 0 3 9 10 5 6 7 2 4 7 4 7 8 7 1 1 6 2 1 7
387 12 7 6 8 5 1 10 9 8 0 1 9 2
388 3 0 4 0
389 15 0 5 0 1 4 10 5 7 1 0 5 1 5 1 7
390 19 6 10 2 1 6 3 8 3 1 5 3 2 6 5 3 6 6 1 0
391 8 9 10 8 1 10 6 1 1
392 3 5 9 1
393 15 9 7 6 10 10 5 6 2 8 2 10 1 0 1 5
394 18 0 1 0 4 5 6 9 10 7 2 1 10 5 6 3 6 8 6
395 14 3 3 6 3 5 3 2 4 5 3 2 6 1 8
396 4 7 5 1 4
397 12 6 7 8 5 9 8 0 7 4 5 6 6
398 12 1 2 9 7 4 10 7 1 8 8 9 3
399 8 4 8 2 1 1 3 1 8
400 20 6 0 1 9 10 4 2 5 6 2 4 6 0 4 6 8 3 10 2 0
401 11 7 9 8 1 1 5 1 9 5 2 0
402 18 0 8 2 0 6 3 5 4 9 5 5 6 1 6 7 8 8 7
403 20 10 0 4 8 8 4 9 4 10 4 2 7 6 2 4 2 5 4 4 3
404 10 2 8 5 5 10 6 4 5 0 10
405 6 3 6 8 7 6 8
406 20 0 7 3 6 8 6 2 3 7 6 9 7 3 9 2 1 9 0 1 1
407 8 6 2 0 5 1 2 1 5
408 13 7 7 7 5 2 10 0 10 4 1 10 4 6
409 19 10 8 2 3 10 1 2 7 4 6 9 4 0 1 3 4 1 7 8
410 14 3 0 1 9 9 8 0 9 8 3 10 1 4 9
411 12 9 5 0 8 6 0 7 6 4 3 5 6
412 12 3 6 8 2 4 6 10 0 0 8 4 4
413 10 9 8 10 5 0 2 10 2 7 3
414 14 6 2 6 7 10 4 4 4 3 0 7 5 3 8
415 10 10 0 2 3 3 5 10 3 4 10
416 9 1 2 8 7 5 9 8 3 1
417 15 0 1 8 0 0 9 6 10 8 4 1 9 8 1 7
418 5 3 6 10 10 7
419 21 3 1 0 7 4 9 10 4 2 4 4 1 9 6 3 6 1 7 10 3 10
420 16 0 6 5 10 0 1 10 8 1 10 1 1 6 1 9 0
421 20 6 1 10 5 4 3 7 1 4 4 1 9 5 2 9 1 6 0 1 4
422 5 8 7 8 3 7
423 18 0 3 2 7 6 4 6 10 5 0 1 8 7 3 10 8 3 6
424 16 6 5 7 10 9 8 1 2 0 8 10 9 7 2 7 10
425 18 3 3 7 3 9 10 2 5 6 5 1 5 2 0 9 9 8 6
426 9 4 3 4 2 1 7 3 1 1
427 21 7 9 10 5 10 4 6 3 5 2 5 0 8 0 5 9 5 5 5 7 8
428 9 7 9 5 8 1 6 5 7 9
429 8 0 0 7 0 4 2 7 9
430 12 10 4 3 6 4 1 8 7 7 9 9 10
431 18 7 0 5 3 2 7 3 5 1 6 2 0 6 0 8 1 7 0
432 7 8 3 2 1 6 9 8
433 11 5 4 2 6 5 8 0 9 6 1 1
434 3 9 7 4
435 10 8 0 6 3 0 8 10 8 9 3
436 17 8 2 4 8 3 4 7 1 10 6 2 4 6 8 5 8 8
437 10 4 2 1 3 2 3 9 2 7 7
438 7 4 4 3 9 8 7 8
439 12 5 10 9 3 3 0 8 8 7 7 7 5
440 6 1 4 7 0 4 10
441 7 2 10 5 10 0 4 5
442 2 6 10
443 10 6 7 9 0 3 6 3 1 4 2
444 8 10 6 10 7 3 5 0 6
445 7 6 0 10 4 6 2 4
446 5 7 4 6 4 8
447 16 8 6 4 0 6 8 9 2 5 2 9 1 4 6 10 3
448 12 1 1 6 3 8 9 1 1 4 7 8 1
449 3 9 6 9
450 3 6 3 10
451 21 4 9 10 4 5 4 2 4 4 3 3 5 3 4 1 0 10 2 9 2 7
452 13 9 6 2 0 1 0 7 7 0 4 4 2 0
453 4 1 9 9 6
454 15 6 0 9 6 3 7 1 0 6 10 8 6 6 6 5
455 17 9 4 5 9 10 9 6 6 9 0 5 1 8 1 2 8 8
456 18 5 3 9 8 9 2 9 4 4 7 6 4 4 9 4 4 5 6
457 16 5 5 5 10 7 5 3 4 10 9 5 6 10 6 8 10
458 9 6 1 8 1 1 4 7 4 6
459 12 1 10 10 8 10 9 7 5 8 7 9 1
460 2 4 8
461 13 0 8 1 10 0 7 2 6 9 2 7 7 2
462 11 2 3 5 0 3 10 7 4 7 2 8
463 9 2 0 6 6 0 7 3 10 9
464 2 6 3
465 14 3 7 3 2 8 8 8 4 3 7 5 5 0 7
466 20 7 3 4 2 1 1 10 1 5 3 4 10 6 0 10 6 8 9 4 9
467 19 10 2 7 6 0 10 9 6 9 2 8 6 4 4 3 5 6 1 8
468 3 2 8 0
469 12 2 6 6 0 6 3 2 4 4 5 2 7
470 14 0 6 0 5 7 4 10 4 4 3 8 0 0 0
471 3 1 2 7
472 7 5 5 1 7 4 6 7
473 5 6 0 6 7 6
474 10 10 5 6 1 3 7 6 2 3 3
475 21 1 3 7 3 4 3 3 8 5 7 4 5 6 3 2 2 9 6 8 8 4
476 14 3 8 5 7 2 8 7 10 8 1 8 4 5 0
477 2 1 10
478 20 0 2 5 10 4 8 4 3 2 7 9 5 10 7 3 6 6 10 9 10
479 9 10 8 0 4 8 9 5 4 2
480 10 5 6 9 10 3 7 8 10 9 4
481 16 5 2 5 9 0 9 7 4 9 4 9 9 6 6 0 1
482 16 1 3 3 4 3 10 3 3 7 8 1 1 8 8 8 2
483 14 10 4 5 6 5 10 9 9 2 7 3 7 7 7
484 10 5 7 3 7 10 4 3 5 0 8
485 2 8 2
486 11 7 3 8 7 9 6 8 4 5 2 8
487 17 0 8 6 7 3 6 0 9 1 9 10 4 8 9 0 6 8
488 2 3 6
489 12 8 3 10 1 2 4 5 4 7 7 2 5
490 14 0 0 2 3 8 3 2 3 3 9 2 5 9 3
491 15 3 3 10 4 3 4 3 8 6 6 5 7 2 0 0
492 19 7 7 4 9 1 7 10 1 7 7 2 8 9 0 9 4 9 1 0
493 3 9 9 3
494 13 3 2 1 10 1 7 6 3 10 4 2 7 4
495 5 1 0 8 5 4
496 18 3 9 10 1 8 2 5 10 4 0 2 5 4 3 3 4 5 6
497 12 0 5 10 8 5 1 1 1 8 0 3 3
498 9 10 4 2 9 6 6 4 6 1
499 13 9 9 3 0 9 2 8 10 2 3 5 4 3
500 9 4 6 3 3 8 8 8 7 5
501 9 3 8 1 5 4 3 9 3 7
502 20 4 4 7 5 2 8 2 9 8 0 6 1 5 4 1 5 2 6 0 2
503 13 0 2 2 4 7 4 6 5 1 7 1 6 8
504 2 5 10
505 14 4 5 4 8 2 2 6 2 8 6 0 9 8 5
506 21 1 7 6 4 0 2 9 3 1 10 7 5 6 6 1 1 6 2 9 3 5
507 7 5 5 5 5 3 6 8
508 8 9 4 9 9 7 2 7 3
509 16 6 2 6 2 5 0 8 10 0 6 7 4 1 5 4 6
510 15 7 10 1 1 4 7 2 9 0 3 6 3 2 4 9
511 18 10 7 5 5 4 2 2 3 4 2 8 5 10 3 1 4 8 9
512 18 10 8 2 2 5 8 6 1 3 4 0 3 9 0 3 3 8 7
513 11 3 4 5 2 3 4 2 1 9 7 10
514 2 7 9
515 21 8 7 2 1 0 2 0 8 2 0 8 7 7 4 1 1 2 10 10 6 2
516 18 3 6 10 2 3 0 4 10 3 3 5 9 6 5 10 6 1 6
517 11 1 9 8 5 7 9 1 4 9 9 2
518 14 4 5 9 1 3 8 8 3 1 9 3 6 3 1
519 19 7 0 3 0 3 7 0 5 9 0 10 2 4 0 9 0 6 0 4
520 21 8 10 2 0 5 0 3 0 4 5 8 6 9 5 2 9 6 7 10 8 1
521 3 4 2 9
522 16 7 4 10 4 8 9 9 3 4 2 10 9 6 5 1 10
523 20 5 4 5 10 5 1 2 1 4 9 7 10 0 8 6 9 6 2 5 0
524 16 6 3 8 6 10 1 1 0 7 8 4 2 2 5 5 9
525 14 7 5 4 6 8 3 8 1 5 10 2 9 3 9
526 21 4 7 2 10 7 1 4 3 1 0 0 10 0 0 1 2 7 4 7 2 5
527 15 0 6 6 5 5 4 1 10 7 6 3 10 2 9 10
528 6 2 9 3 8 4 0
529 8 10 9 5 2 0 3 9 4
530 15 7 6 2 8 0 4 7 6 10 4 9 10 7 0 0
531 2 2 3
532 12 2 7 6 4 2 0 5 1 4 0 0 6
533 15 0 10 1 10 10 7 3 4 10 6 5 3 6 0 0
534 18 0 10 5 3 7 2 7 4 1 8 2 7 3 10 4 2 3 8
535 10 5 10 7 9 5 0 8 3 2 5
536 2 8 9
537 12 9 8 8 0 7 0 0 1 4 5 6 9
538 7 0 0 4 4 3 0 1
539 13 8 1 9 7 1 3 7 4 2 2 6 6 6
540 4 8 4 4 10
541 18 5 6 8 10 4 9 10 8 8 4 1 10 2 4 3 7 0 9
542 10 10 3 8 8 2 10 2 4 9 3
543 21 2 9 2 10 7 5 9 1 2 10 8 10 9 2 6 6 2 2 5 10 3
544 8 2 6 6 0 0 0 0 5
545 14 3 5 6 1 7 0 7 10 3 10 2 4 1 3
546 17 7 9 4 8 0 10 10 9 0 6 10 2 1 8 0 8 0
547 14 6 7 3 7 8 4 4 9 5 10 2 8 4 0
548 19 5 2 10 8 1 8 6 1 3 4 7 9 9 10 1 6 7 2 8
549 10 5 6 2 8 8 8 8 1 3 3
550 14 1 3 2 5 7 8 0 1 2 0 5 3 2 2
551 11 5 3 4 6 3 4 1 2 1 5 9
552 12 0 0 7 6 6 7 5 3 9 2 10 8
553 11 6 2 8 7 4 9 7 2 8 5 6
554 2 3 9
555 19 1 4 3 7 0 9 10 5 7 4 10 9 8 7 0 9 9 6 8
556 18 8 4 0 0 10 0 5 5 2 4 4 6 1 6 6 0 9 2
557 19 10 7 5 0 7 6 10 1 3 1 9 1 7 5 8 6 9 2 1
558 5 1 3 7 7 10
559 3 4 0 3
560 10 7 3 10 0 1 5 9 10 6 4
561 12 9 7 9 6 0 5 8 10 0 8 3 4
562 14 10 5 1 7 1 4 4 9 2 9 9 1 6 6
563 17 8 0 8 6 9 10 5 1 5 10 6 4 8 0 6 10 3
564 21 2 5 4 7 3 10 1 3 2 3 5 9 3 10 6 1 3 5 1 7 9
565 10 7 7 7 7 1 7 1 8 2 1
566 2 5 2
567 8 4 1 5 6 5 7 3 0
568 11 4 7 7 0 10 7 1 2 4 4 3
569 21 7 0 8 7 9 6 6 4 4 6 5 3 9 1 1 8 4 8 9 3 2
570 5 3 8 7 7 9
571 18 1 6 0 6 1 5 7 5 9 8 5 10 3 8 6 6 5 3
572 7 6 3 1 5 7 3 10
573 3 3 2 8
574 17 0 2 7 10 9 1 4 8 0 1 10 1 2 7 6 3 7
575 21 3 0 5 10 3 5 1 6 8 7 10 7 3 2 0 4 3 7 2 7 1
576 11 2 7 6 8 8 2 7 3 1 2 2
577 15 2 9 4 0 0 4 1 5 0 6 4 1 10 1 9
578 13 8 7 0 4 1 6 0 3 0 10 6 10 8
579 19 8 8 1 5 8 0 6 7 1 1 1 6 8 3 2 4 2 7 7
580 13 0 10 3 6 8 4 6 8 10 7 6 2 0
581 14 9 10 6 7 2 9 8 4 7 2 0 4 4 8
582 19 3 9 3 7 3 4 0 3 4 5 6 10 3 6 1 2 10 8 8
583 7 8 1 5 1 4 8 4
584 10 0 2 8 7 0 9 6 1 1 10
585 19 3 3 0 1 6 3 5 10 4 8 10 4 2 6 2 2 3 0 1
586 11 7 1 8 8 2 1 9 5 4 2 2
587 3 5 7 3
588 16 8 2 2 0 4 5 4 1 7 4 7 6 9 1 9 9
589 15 5 2 1 10 6 0 9 3 3 7 8 1 2 3 5
590 9 2 2 1 9 1 2 0 1 9
591 18 8 7 4 7 5 3 10 3 8 6 3 4 3 1 5 7 5 1
592 2 7 2
593 15 8 0 3 8 10 5 4 4 7 7 1 0 5 8 2
594 7 4 9 2 10 0 1 10
595 16 9 2 10 7 5 5 2 10 8 4 7 2 2 8 5 8
596 16 3 8 4 3 3 3 0 1 3 1 9 1 9 10 1 6
597 4 7 7 4 6
598 3 4 5 2
599 18 8 0 2 7 10 8 4 9 7 10 7 3 8 10 5 9 0 1
600 10 3 7 0 2 4 2 0 6 6 7
601 12 2 6 8 5 5 4 7 3 5 8 10 4
602 15 9 3 3 1 1 0 8 3 6 2 6 10 6 8 3
603 12 9 9 4 9 2 9 4 4 3 9 8 2
604 3 7 0 10
605 2 10 7
606 19 3 2 5 7 6 5 7 10 2 0 2 4 10 6 0 10 5 0 6
607 12 10 7 2 4 9 4 1 5 8 5 9 4
608 13 9 8 0 5 0 5 6 4 2 10 4 0 3
609 21 3 2 8 0 8 8 4 8 10 2 7 3 5 8 5 7 1 9 9 6 3
610 3 2 8 4
611 9 1 8 9 5 1 10 5 3 0
612 5 8 10 0 10 8
613 9 2 7 10 0 7 8 5 9 9
614 16 5 7 6 2 5 7 1 5 9 8 9 0 4 9 4 1
615 7 1 1 10 5 5 1 9
616 18 0 6 5 3 0 10 2 3 6 1 10 6 5 5 2 5 1 3
617 11 0 1 2 4 7 1 9 10 9 1 7
618 14 1 1 3 7 9 10 9 2 8 3 2 2 7 4
619 8 2 4 4 3 5 1 7 4
620 20 3 0 8 7 7 8 2 2 7 5 3 8 4 0 7 5 3 1 4 5
621 19 4 0 7 6 4 0 10 10 10 8 1 8 7 6 10 3 4 1 3
622 2 3 1
623 8 6 9 5 10 10 3 4 3
624 17 8 1 0 1 0 8 10 9 10 4 0 0 0 9 10 5 5
625 8 0 9 10 0 8 2 1 8
626 19 4 0 2 2 6 2 8 3 4 9 6 1 4 8 7 3 1 9 0
627 17 0 8 2 10 0 3 1 3 6 4 7 0 4 9 9 1 4
628 13 3 2 0 4 9 6 5 4 7 4 9 2 3
629 20 9 9 1 1 8 5 2 5 9 9 2 7 8 7 10 6 9 1 5 1
630 4 3 10 6 2
631 15 3 0 9 3 9 2 3 7 1 10 9 10 1 10 1
632 9 4 1 7 7 8 10 9 10 10
633 15 0 9 0 2 2 2 1 8 8 4 10 1 6 4 3
634 14 9 9 10 7 7 6 10 8 9 2 10 4 4 10
635 20 8 2 0 4 5 1 3 1 8 4 2 10 8 4 10 2 9 7 9 5
636 18 6 6 7 9 0 2 3 10 5 5 3 4 0 2 7 9 4 5
637 19 0 3 10 4 9 10 10 5 4 7 5 10 9 9 6 10 8 4 5
638 14 5 3 8 2 9 3 10 4 10 6 8 9 5 8
639 20 5 6 5 4 9 5 5 0 9 9 2 2 10 5 3 3 10 6 5 5
640 15 8 9 0 8 10 4 9 7 5 9 0 6 10 3 9
641 10 4 0 2 4 3 0 9 5 7 7
642 13 1 6 8 3 2 2 6 7 0 0 7 10 10
643 16 8 7 5 10 1 7 10 9 6 8 9 1 3 5 1 7
644 9 5 3 6 1 4 5 7 5 2
645 2 0 2
646 12 10 4 4 5 3 4 7 4 0 8 5 10
647 13 9 7 5 1 0 8 0 0 5 3 3 2 2
648 10 8 7 10 0 7 8 7 1 10 7
649 3 7 8 6
650 16 4 9 8 7 8 8 2 5 6 3 7 10 8 6 7 2
651 11 6 10 0 3 0 7 5 7 4 8 4
652 18 5 1 5 10 2 6 3 4 2 1 9 1 6 5 7 9 2 3
653 17 0 2 3 1 9 4 0 5 10 5 7 2 10 9 9 6 10
654 7 10 5 6 4 6 5 10
655 21 7 7 6 10 3 4 6 0 6 10 4 6 9 4 0 1 9 5 0 9 0
656 19 4 6 3 2 7 9 0 3 2 3 1 9 4 8 5 2 8 6 10
657 16 3 1 7 10 9 3 4 6 3 7 6 3 4 5 5 0
658 11 0 4 0 2 8 9 2 4 4 2 0
659 14 3 0 7 3 0 9 9 1 9 9 6 0 10 6
660 18 2 1 0 5 7 1 8 7 4 10 10 8 0 4 7 8 1 8
661 20 0 5 7 10 2 10 4 3 9 4 4 0 0 0 8 6 5 6 6 6
662 8 2 5 5 8 1 7 5 10
663 18 4 4 1 1 7 3 10 2 0 7 0 2 8 6 5 10 2 8
664 10 0 0 8 3 10 9 0 10 9 6
665 5 0 2 0 6 7
666 5 9 2 0 3 2
667 5 0 8 2 4 7
668 5 10 6 9 1 6
669 4 3 3 7 6
670 4 6 9 6 8
671 17 8 7 3 8 6 5 9 1 2 6 4 6 9 10 10 8 9
672 12 0 2 6 6 10 10 10 9 4 1 9 8
673 17 5 7 0 6 4 5 9 9 10 9 9 8 8 4 8 9 9
674 13 2 10 9 3 2 6 0 4 8 3 5 6 10
675 9 5 1 6 10 2 6 9 3 8
676 15 0 6 9 7 2 10 0 3 0 0 6 0 7 4 4
677 4 2 1 8 1
678 5 4 5 3 5 9
679 16 10 6 4 6 9 7 10 1 5 6 3 0 5 9 6 1
680 15 3 0 0 4 7 7 10 5 10 5 10 3 10 4 7
681 4 0 2 8 8
682 8 1 8 1 9 1 10 0 3
683 4 8 9 2 9
684 18 8 0 8 3 5 2 4 3 10 0 7 5 0 5 3 2 4 6
685 15 9 0 3 0 5 2 4 8 2 2 1 0 6 9 0
686 13 10 2 8 5 5 8 5 6 2 5 7 0 1
687 10 9 0 3 4 6 8 4 6 1 8
688 16 9 6 5 2 5 6 9 3 3 7 3 2 9 5 9 0
689 7 6 1 7 2 3 3 10
690 19 7 9 4 9 1 8 3 0 1 10 0 5 10 6 7 1 10 10 3
691 7 5 8 1 3 1 1 6
692 19 9 10 1 7 2 3 6 1 5 2 6 3 4 0 2 9 0 1 8
693 12 2 5 8 6 2 9 10 6 9 4 1 2
694 9 4 8 1 8 6 7 5 7 0
695 10 1 6 10 6 7 2 6 1 2 1
696 10 0 8 0 1 5 4 8 1 6 5
697 3 7 5 8
698 6 0 7 6 10 0 5
699 9 10 2 6 2 3 6 4 10 4
700 18 2 6 2 2 10 7 0 8 3 0 1 9 2 8 1 7 9 8
701 9 1 2 1 7 3 7 4 7 2
702 18 6 2 1 6 10 7 6 9 9 8 5 2 0 5 10 5 10 7
703 11 1 5 3 2 9 5 3 0 1 6 7
704 11 5 4 7 7 6 10 6 8 9 7 1
705 20 0 5 3 5 4 2 1 7 2 5 7 10 2 6 4 0 10 9 9 5
706 17 10 4 5 5 3 7 6 8 2 1 6 2 8 9 1 8 4
707 8 6 8 3 9 8 9 5 1
708 15 10 10 3 9 10 2 8 10 0 2 5 1 1 1 7
709 17 7 0 9 6 7 5 6 3 0 4 0 3 5 3 0 4 1
710 19 0 5 4 3 4 5 10 7 6 7 7 6 1 9 6 1 8 6 7
711 10 0 3 9 2 6 4 8 5 6 4
712 9 5 1 5 3 5 6 0 1 1
713 2 6 3
714 21 1 6 6 5 2 1 10 5 4 8 7 3 7 9 10 2 7 6 2 5 5
715 18 9 10 6 2 1 4 3 3 0 10 7 4 0 5 4 3 5 10
716 21 6 9 1 4 6 4 1 6 5 10 3 9 6 4 7 2 7 0 4 5 10
717 16 5 0 9 4 3 5 6 4 3 2 6 6 2 8 9 9
718 4 4 7 0 8
719 12 0 10 10 5 9 10 2 2 2 3 0 3
720 9 4 0 10 4 8 0 7 3 5
721 16 9 5 2 1 9 2 8 1 7 6 3 3 6 6 1 4
722 21 6 6 2 5 6 5 9 10 6 9 3 8 7 7 5 8 1 10 8 4 5
723 18 9 2 4 2 7 1 0 9 5 10 0 9 10 10 9 5 7 0
724 13 8 8 0 9 7 2 4 0 5 2 0 6 1
725 21 5 7 3 2 8 3 10 0 6 0 3 1 7 4 10 7 3 2 3 6 9
726 7 1 1 7 5 8 1 9
727 5 5 2 3 1 2
728 5 2 7 8 0 6
729 13 7 10 10 10 2 7 1 1 4 8 4 6 9
730 11 3 7 9 7 0 9 3 5 4 1 3
731 3 1 8 6
732 3 3 7 3
733 20 4 4 7 10 4 1 8 7 1 10 7 1 4 4 1 2 3 9 0 7
734 18 5 0 6 6 8 1 7 5 7 7 6 5 0 7 2 0 3 4
735 18 8 8 4 2 2 9 2 0 9 10 5 6 9 10 7 4 9 7
736 13 7 6 4 2 9 10 3 1 8 5 9 0 6
737 18 1 7 7 1 1 1 6 8 6 0 2 10 5 1 9 3 2 9
738 5 9 0 1 6 1
739 16 9 6 3 10 5 1 7 7 6 4 9 6 2 10 6 5
740 20 4 0 1 1 2 7 10 2 1 10 0 4 9 4 3 4 6 6 0 7
741 20 9 4 4 4 9 2 8 4 2 10 0 2 2 1 6 2 3 8 1 9
742 21 6 5 2 5 7 2 1 2 0 2 4 1 4 3 2 4 10 10 4 4 6
743 18 10 2 3 9 7 2 8 10 10 0 7 3 1 9 5 7 8 6
744 10 6 3 5 2 0 10 10 10 9 0
745 15 1 2 5 8 3 4 1 1 2 9 6 9 3 6 0
746 11 6 8 2 5 5 5 8 4 9 4 4
747 17 3 3 10 5 6 5 1 4 2 6 0 6 8 6 10 10 3
748 15 1 5 8 7 4 8 10 0 2 9 1 8 5 0 1
749 19 6 7 2 8 3 9 0 10 9 7 0 0 0 9 6 9 9 5 4
750 3 0 2 3
751 21 2 2 8 6 6 1 9 9 4 2 6 5 8 9 4 5 1 9 5 9 3
752 15 10 4 3 3 10 10 9 7 8 4 5 4 8 1 5
753 18 8 8 4 10 4 1 2 7 3 0 4 1 6 5 0 5 3 7
754 13 2 2 10 0 2 5 3 6 10 8 2 6 9
755 14 1 0 1 3 9 7 2 9 1 2 1 6 6 10
756 19 5 6 5 8 0 5 3 7 5 4 9 1 7 2 5 1 9 7 1
757 16 3 5 4 1 4 10 8 6 1 0 3 2 7 0 2 4
758 20 10 9 7 6 6 6 2 0 10 7 1 0 9 5 3 1 10 4 5 0
759 6 1 2 1 10 2 3
760 18 9 3 2 5 1 9 7 4 2 4 4 4 6 3 0 0 6 1
761 5 0 5 4 8 1
762 19 9 7 7 3 9 2 4 8 7 1 4 8 9 7 9 10 4 6 2
763 10 2 2 4 7 8 6 9 6 10 2
764 20 2 1 9 4 5 8 4 8 9 7 4 8 3 8 2 2 9 8 9 0
765 20 4 8 9 7 5 6 2 4 9 0 8 9 1 2 10 9 2 6 3 10
766 9 10 0 3 3 5 4 7 2 8
767 19 8 10 2 10 9 3 8 8 9 7 3 7 0 10 10 1 0 5 9
768 20 2 5 5 4 2 9 4 7 0 10 10 2 8 9 3 7 7 3 4 0
769 7 9 8 1 3 2 7 1
770 15 8 9 4 3 3 3 8 10 5 5 0 5 2 5 1
771 21 0 5 6 7 9 5 0 3 7 3 2 9 10 3 10 8 9 8 7 9 9
772 16 8 4 4 10 8 2 3 0 5 7 6 4 4 9 8 4
773 12 7 3 2 6 3 9 7 10 7 7 8 7
774 7 9 2 3 10 7 4 0
775 21 0 1 5 4 0 5 10 3 5 10 8 7 2 10 2 2 5 1 4 1 10
776 6 1 5 3 0 2 3
777 10 3 8 8 6 5 10 5 3 1 0
778 6 5 10 1 4 8 1
779 16 3 6 1 8 0 5 9 9 6 10 0 7 5 0 3 3
780 13 4 9 2 8 0 7 3 3 7 4 7 4 7
781 14 4 10 3 6 0 8 7 5 3 1 4 2 7 1
782 4 10 9 0 5
783 15 1 1 7 7 3 10 7 9 6 6 3 1 10 3 6
784 10 5 0 5 4 0 10 8 8 9 10
785 11 1 6 6 8 4 7 9 4 4 9 9
786 7 0 7 0 3 8 6 7
787 9 2 8 4 7 8 3 1 10 7
788 9 10 10 1 9 8 10 5 1 0
789 9 10 1 10 2 7 1 1 6 10
790 20 8 0 4 7 0 8 8 2 4 10 3 10 6 5 6 10 3 4 0 0
791 15 10 10 7 5 1 9 3 9 7 1 4 4 8 1 8
792 14 10 10 0 8 6 1 4 8 7 6 4 1 3 1
793 19 5 0 7 5 1 2 6 2 10 7 10 10 2 4 8 0 2 5 7
794 4 0 4 9 6
795 20 3 8 5 1 2 5 1 6 0 7 6 2 6 5 6 4 8 6 10 9
796 18 4 6 3 7 4 0 9 4 5 10 7 4 0 4 9 4 1 6
797 20 8 1 9 2 10 1 6 8 0 3 9 5 0 2 7 8 5 6 9 0
798 3 10 6 0
799 17 1 6 5 3 2 2 8 2 5 9 6 6 2 4 7 1 4
800 8 10 7 9 0 3 6 1 3
801 14 6 1 5 5 3 10 10 7 10 4 7 0 6 3
802 7 7 9 9 9 8 7 9
803 9 2 7 3 10 4 5 10 0 8
804 18 6 9 1 5 7 4 8 7 8 10 3 0 7 5 9 1 5 3
805 8 2 8 7 1 6 10 8 9
806 10 7 8 8 7 4 5 4 3 8 8
807 9 6 8 10 5 10 6 3 5 10
808 10 2 0 1 2 1 6 5 6 6 2
809 18 8 5 5 10 4 10 8 9 0 5 5 3 3 0 4 7 10 1
810 12 6 1 10 8 10 4 0 10 0 7 2 9
811 18 4 3 9 0 0 3 2 5 4 6 6 0 10 0 3 1 10 5
812 8 10 4 4 4 1 1 4 10
813 8 9 0 9 7 5 10 5 7
814 16 1 5 3 0 4 5 3 2 0 3 5 4 3 8 9 6
815 13 0 2 10 6 7 8 8 10 6 2 2 7 10
816 12 10 1 6 3 1 0 9 4 0 0 9 0
817 13 7 1 9 6 7 1 6 9 2 2 6 10 6
818 14 0 3 8 3 10 8 5 0 1 7 3 2 10 3
819 2 7 1
820 14 2 0 9 3 2 6 9 10 9 7 9 6 3 6
821 11 6 5 9 3 8 3 1 0 5 1 3
822 11 6 9 9 8 6 8 3 3 10 5 10
823 14 4 4 2 1 3 8 10 2 4 9 5 5 10 9
824 20 0 2 5 4 5 10 6 2 6 4 8 3 0 7 4 10 8 2 7 7
825 3 3 5 0
826 20 3 3 2 10 6 9 10 6 4 6 9 3 3 1 0 1 6 6 7 2
827 12 4 4 9 1 3 7 5 5 9 1 3 1
828 8 2 2 6 1 2 1 3 8
829 12 10 3 4 5 9 5 5 6 1 4 6 10
830 12 8 9 6 1 10 7 1 7 7 3 10 6
831 8 7 2 1 5 4 8 6 7
832 12 10 5 6 1 6 6 5 3 6 6 5 3
833 2 5 0
834 10 3 9 7 5 1 10 2 2 10 3
835 18 6 8 8 8 7 2 2 4 7 8 8 2 9 6 10 0 9 7
836 10 5 5 7 5 1 8 9 7 3 1
837 15 8 5 1 4 6 8 4 5 1 10 8 5 1 3 2
838 13 3 10 8 5 9 2 4 6 3 1 5 10 7
839 7 8 8 5 5 2 5 4
840 5 10 1 8 9 10
841 4 8 8 2 7
842 17 0 6 2 2 0 6 0 6 10 4 6 5 2 4 8 2 5
843 2 6 0
844 15 5 6 0 6 2 7 0 5 5 6 8 0 8 5 4
845 12 8 8 10 1 8 2 0 2 0 9 4 2
846 4 10 6 6 2
847 19 1 3 6 2 7 8 8 7 6 6 1 5 5 8 9 3 0 7 9
848 7 9 4 9 3 3 9 3
849 10 1 1 3 7 5 4 5 5 3 0
850 17 5 6 8 2 10 10 3 7 5 9 1 9 2 0 6 5 6
851 18 9 1 1 10 2 3 1 5 6 10 10 2 2 10 10 1 4 0
852 5 6 7 5 9 10
853 5 3 6 9 6 3
854 2 1 10
855 14 7 9 4 8 9 1 6 5 2 1 8 3 4 6
856 5 10 4 3 6 9
857 8 0 3 1 8 2 0 10 6
858 20 3 5 0 9 8 7 1 6 5 6 10 4 3 5 7 6 7 6 0 8
859 10 7 2 4 5 1 4 9 6 10 4
860 15 2 6 7 1 3 4 2 2 7 10 9 0 2 7 7
861 14 2 8 3 3 7 5 1 10 10 10 2 9 7 1
862 3 6 9 8
863 8 2 1 10 2 9 1 6 9
864 7 6 1 2 4 1 9 8
865 6 4 1 9 10 6 7
866 3 2 4 8
867 7 1 9 0 7 4 4 2
868 12 9 1 5 3 0 4 7 5 3 5 8 1
869 5 4 10 7 7 0
870 16 9 10 8 9 9 2 8 10 6 2 3 7 5 10 6 8
871 14 3 1 0 0 9 6 1 6 4 9 4 4 6 7
872 12 3 4 7 10 8 1 2 0 10 8 6 1
873 4 2 1 10 2
874 5 5 5 2 7 9
875 21 1 1 8 2 4 1 9 6 9 2 0 6 9 0 10 9 6 8 7 8 0
876 12 2 0 3 3 2 1 6 3 0 5 6 1
877 4 6 9 2 2
878 16 7 9 8 10 1 7 6 1 0 6 8 3 5 9 8 7
879 8 7 7 0 2 6 4 1 10
880 10 8 9 0 7 5 7 8 2 10 6
881 5 6 7 9 9 5
882 11 8 8 8 4 8 6 7 4 8 5 1
883 14 4 10 8 3 7 0 4 3 1 9 1 1 0 0
884 7 5 1 10 2 0 2 10
885 4 6 3 4 7
886 20 1 6 10 8 7 5 4 5 6 8 4 6 8 5 2 9 9 3 1 9
887 18 9 10 3 5 7 6 7 4 8 1 4 10 2 6 3 10 8 3
888 18 0 4 6 9 9 4 4 6 9 5 9 2 1 2 0 4 4 6
889 17 9 7 8 6 10 7 2 1 7 7 7 1 9 0 3 9 1
890 4 0 3 6 5
891 4 2 8 4 7
892 21 6 1 2 9 5 1 6 4 3 5 10 4 6 10 1 4 8 0 3 4 8
893 11 8 0 10 2 2 8 3 10 5 3 10
894 7 9 3 6 10 4 3 2
895 15 5 5 5 0 3 4 3 4 10 10 7 5 5 7 0
896 17 8 10 6 6 9 4 7 3 6 10 6 3 2 5 2 10 3
897 18 10 5 6 4 1 2 9 8 0 8 9 9 7 6 9 7 8 10
898 19 9 0 7 4 3 5 9 9 9 9 5 6 4 3 6 2 7 6 10
899 4 1 3 5 5
900 20 0 3 2 2 6 3 4 5 5 6 7 9 3 0 0 2 9 4 8 8
901 19 10 0 2 0 9 3 4 9 8 8 7 2 9 7 8 10 5 6 10
902 6 3 0 9 7 4 7
903 10 8 1 3 4 7 2 9 3 5 7
904 4 8 8 8 9
905 4 9 1 10 4
906 19 2 2 8 7 1 4 0 9 0 6 5 2 1 9 8 8 0 0 0
907 17 2 6 3 6 0 3 7 6 9 5 3 1 9 6 0 9 7
908 12 8 5 4 3 10 0 10 0 2 4 3 6
909 19 3 9 5 6 10 1 7 7 10 10 1 9 8 6 6 6 0 5 10
910 17 6 7 8 6 4 3 0 3 10 6 6 2 4 2 9 1 6
911 19 0 8 7 9 8 7 10 3 2 2 9 9 6 2 9 9 2 1 1
912 6 2 1 9 1 0 3
913 6 9 1 0 8 10 7
914 21 6 0 4 3 10 8 4 6 8 7 6 2 5 10 6 6 5 3 1 3 7
915 10 9 0 7 10 3 3 7 10 2 7
916 2 8 3
917 13 6 2 10 3 7 0 4 1 10 4 3 10 4
918 18 5 5 8 5 6 9 5 2 8 5 0 3 9 1 8 3 7 2
919 20 9 4 5 7 7 6 5 4 9 7 2 9 5 10 7 10 10 7 7 1
920 18 1 4 5 3 9 1 8 1 0 3 6 3 5 3 8 0 8 3
921 7 5 0 10 5 8 1 1
922 20 1 7 3 4 4 1 2 7 10 2 8 4 7 4 3 6 4 1 10 8
923 12 4 2 5 5 1 5 5 10 4 4 8 0
924 16 5 9 7 2 5 8 1 0 8 9 3 8 4 9 4 5
925 3 1 9 1
926 4 3 2 9 8
927 10 5 2 0 4 5 6 6 5 5 9
928 14 5 2 3 5 9 9 0 5 6 9 9 5 0 0
929 2 8 3
930 16 8 5 6 1 5 8 5 5 1 2 8 1 5 4 2 6
931 8 8 7 3 3 4 4 3 9
932 8 4 2 9 6 3 2 9 7
933 5 1 8 7 9 8
934 12 9 3 6 8 8 4 8 7 0 10 9 6
935 7 7 0 2 9 9 0 4
936 3 1 10 3
937 19 9 10 7 3 9 9 8 10 10 4 0 6 10 3 10 1 5 9 2
938 9 5 9 10 4 8 1 9 2 7
939 2 4 6
940 14 1 10 2 9 1 5 5 2 6 2 0 0 0 2
941 19 10 3 10 6 2 3 7 3 1 0 8 9 10 2 4 8 3 4 5
942 15 5 10 3 0 2 9 8 3 0 1 7 5 10 4 8
943 17 8 10 7 4 2 9 2 7 6 9 10 6 0 10 6 6 0
944 15 8 6 4 1 3 6 7 9 8 2 3 3 7 0 7
945 18 1 7 8 10 4 7 5 9 10 3 5 10 10 10 5 8 5 10
946 15 6 6 4 7 5 2 0 0 10 5 5 10 10 4 4
947 7 6 8 1 6 5 5 0
948 20 9 7 5 8 5 1 9 3 1 3 5 7 0 5 1 1 2 5 5 5
949 6 2 9 0 3 8 7
950 2 8 4
951 8 6 9 5 0 6 2 6 5
952 9 1 9 0 8 9 2 4 9 3
953 16 2 2 1 4 0 10 4 6 0 1 7 1 0 10 0 4
954 20 6 0 7 7 9 7 1 9 1 10 1 10 9 6 3 9 6 6 9 4
955 16 6 5 4 3 0 10 1 9 3 7 8 1 8 3 8 8
956 3 8 7 4
957 19 4 1 2 0 0 7 2 7 3 2 1 8 5 4 1 10 9 3 4
958 20 2 0 7 4 5 7 8 5 1 2 9 8 4 9 0 10 6 5 3 2
959 11 2 5 8 10 3 10 5 8 4 3 4